time	Roll (degrees)	Yaw (degrees)	Pitch (degrees)	X	Y	Z
0.000000	0.000000	0.000000	0.000000	0.000000	-0.000002	0.000000
0.050000	0.000000	0.000000	-0.030240	0.000000	-0.000006	0.000000
0.100000	0.000000	0.000000	-0.030240	0.000000	-0.000005	0.000000
0.150000	0.000000	0.000000	-0.077783	0.000000	-0.000003	0.000000
0.200000	0.000000	0.000000	-0.118150	0.000000	-0.000001	0.000000
0.250000	-0.036128	0.000000	-0.118150	0.000000	-0.000002	0.000000
0.300000	-0.036128	0.000000	-0.154673	0.000000	0.000002	0.000000
0.350000	-0.036128	0.000000	-0.154673	0.000000	0.000003	0.000000
0.400000	-0.036128	0.000000	-0.154673	0.000000	0.000006	0.000000
0.450000	-0.036128	0.000000	-0.154673	0.000000	0.000008	0.000000
0.500000	0.016762	0.034264	-0.154673	0.000000	0.000014	0.000000
0.550000	0.016762	0.034264	-0.154673	0.000000	0.000016	0.000000
0.600000	0.016762	0.034264	-0.154673	0.000000	0.000016	0.000000
0.650000	0.016762	0.034264	-0.154673	0.000000	0.000016	0.000000
0.700000	0.016762	0.034264	-0.154673	0.000000	0.000016	0.000000
0.750000	0.016762	0.034264	-0.154673	0.000000	0.000016	0.000000
0.800000	0.016762	0.034264	-0.154673	0.000000	0.000016	0.000000
0.850000	0.016762	0.034264	-0.154673	0.000000	0.000016	0.000000
0.900000	0.016762	0.034264	-0.154673	0.000000	0.000016	0.000000
0.950000	0.016762	0.034264	-0.154673	0.000000	0.000016	0.000000
1.000000	0.016762	0.034264	-0.154673	0.000000	0.000016	0.000000
1.050000	0.016762	0.034264	-0.154673	0.000000	0.000016	0.000000
1.100000	0.016762	0.034264	-0.154673	0.000000	0.000016	0.000000
1.150000	0.016762	0.034264	-0.154673	0.000000	0.000001	0.000000
1.200000	0.016762	0.034264	-0.154673	0.000000	-0.000030	0.000000
1.250000	0.016762	0.034264	-0.154673	0.000000	-0.000073	0.000000
1.300000	0.016762	0.034264	-0.154673	0.000000	-0.000128	0.000000
1.350000	0.016762	0.034264	-0.154673	0.000000	-0.000193	0.000000
1.400000	0.016762	0.034264	-0.154673	0.000000	-0.000259	0.000000
1.450000	0.016762	0.034264	-0.154673	0.000000	-0.000331	0.000000
1.500000	0.016762	0.034264	-0.154673	0.000000	-0.000402	0.000000
1.550000	0.016762	0.034264	-0.154673	0.000000	-0.000469	0.000000
1.600000	0.016762	0.034264	-0.154673	0.000000	-0.000529	0.000000
1.650000	0.016762	0.034264	-0.154673	0.000000	-0.000600	0.000000
1.700000	0.016762	0.034264	-0.154673	0.000027	-0.000671	0.000000
1.750000	0.016762	0.034264	-0.154673	0.000041	-0.000742	0.000000
1.800000	0.016762	0.034264	-0.154673	0.000060	-0.000795	0.000000
1.850000	0.016762	0.034264	-0.154673	0.000080	-0.000833	0.000000
1.900000	0.016762	0.034264	-0.154673	0.000107	-0.000861	0.000000
1.950000	0.016762	0.034264	-0.154673	0.000133	-0.000873	0.000000
2.000000	0.016762	0.034264	-0.154673	0.000155	-0.000868	0.000000
2.050000	0.016762	0.034264	-0.154673	0.000178	-0.000851	0.000000
2.100000	0.016762	0.034264	-0.154673	0.000200	-0.000822	0.000000
2.150000	0.016762	0.034264	-0.154673	0.000224	-0.000779	0.000000
2.200000	0.016762	0.034264	-0.154673	0.000242	-0.000730	0.000000
2.250000	0.016762	0.034264	-0.154673	0.000265	-0.000675	0.000000
2.300000	0.016762	0.034264	-0.154673	0.000282	-0.000595	0.000000
2.350000	0.016762	0.034264	-0.154673	0.000300	-0.000504	0.000000
2.400000	0.016762	0.034264	-0.154673	0.000330	-0.000405	0.000000
2.450000	0.016762	0.034264	-0.154673	0.000357	-0.000312	0.000000
2.500000	0.016762	0.034264	-0.154673	0.000382	-0.000219	0.000000
2.550000	0.016762	0.034264	-0.154673	0.000399	-0.000119	0.000000
2.600000	0.016762	0.034264	-0.154673	0.000423	-0.000021	0.000000
2.650000	0.016762	0.034264	-0.154673	0.000454	0.000071	0.000000
2.700000	0.016762	0.034264	-0.154673	0.000482	0.000151	0.000000
2.750000	0.016762	0.034264	-0.154673	0.000513	0.000227	0.000000
2.800000	0.016762	0.034264	-0.154673	0.000539	0.000288	0.000000
2.850000	0.016762	0.034264	-0.154673	0.000565	0.000340	0.000000
2.900000	0.016762	0.034264	-0.154673	0.000590	0.000380	0.000000
2.950000	0.016762	0.034264	-0.154673	0.000611	0.000406	0.000000
3.000000	0.016762	0.034264	-0.154673	0.000632	0.000422	0.000000
3.050000	0.016762	0.034264	-0.154673	0.000652	0.000434	0.000000
3.100000	0.016762	0.034264	-0.154673	0.000672	0.000443	0.000000
3.150000	0.016762	0.034264	-0.154673	0.000692	0.000455	0.000000
3.200000	0.016762	0.034264	-0.154673	0.000712	0.000461	0.000000
3.250000	0.016762	0.034264	-0.154673	0.000730	0.000466	0.000000
3.300000	0.016762	0.034264	-0.154673	0.000748	0.000472	0.000000
3.350000	0.016762	0.034264	-0.154673	0.000766	0.000478	0.000000
3.400000	0.016762	0.034264	-0.154673	0.000766	0.000483	0.000000
3.450000	0.016762	0.034264	-0.154673	0.000766	0.000488	0.000000
3.500000	0.016762	0.034264	-0.154673	0.000766	0.000493	0.000000
3.550000	0.016762	0.034264	-0.154673	0.000766	0.000499	0.000000
3.600000	0.016762	0.034264	-0.154673	0.000766	0.000505	0.000000
3.650000	0.016762	0.034264	-0.154673	0.000766	0.000505	0.000000
3.700000	0.016762	0.034264	-0.154673	0.000766	0.000505	0.000000
3.750000	0.016762	0.034264	-0.154673	0.000766	0.000505	0.000000
3.800000	0.016762	0.034264	-0.154673	0.000766	0.000505	0.000000
3.850000	0.016762	0.034264	-0.154673	0.000766	0.000505	0.000000
3.900000	0.016762	0.034264	-0.154673	0.000766	0.000505	0.000000
3.950000	0.016762	0.034264	-0.154673	0.000766	0.000505	0.000000
4.000000	0.016762	0.034264	-0.154673	0.000766	0.000505	0.000000
4.050000	0.016762	0.034264	-0.154673	0.000766	0.000505	0.000000
4.100000	0.016762	0.034264	-0.154673	0.000766	0.000505	0.000000
4.150000	0.016762	0.034264	-0.154673	0.000766	0.000505	0.000000
4.200000	0.016762	0.034264	-0.154673	0.000766	0.000505	0.000000
4.250000	0.016762	0.034264	-0.154673	0.000766	0.000505	0.000000
4.300000	0.016762	0.034264	-0.154673	0.000766	0.000505	0.000000
4.350000	0.016762	0.034264	-0.154673	0.000766	0.000505	0.000000
4.400000	0.016762	0.034264	-0.154673	0.000766	0.000505	0.000000
4.450000	0.016762	0.034264	-0.154673	0.000766	0.000505	0.000000
4.500000	0.016762	0.034264	-0.154673	0.000766	0.000505	0.000000
4.550000	0.016762	0.034264	-0.154673	0.000766	0.000505	0.000000
4.600000	0.016762	0.034264	-0.154673	0.000766	0.000505	0.000000
4.650000	0.016762	0.034264	-0.154673	0.000766	0.000505	0.000000
4.700000	0.016762	0.034264	-0.154673	0.000766	0.000505	0.000000
4.750000	0.016762	0.034264	-0.154673	0.000766	0.000505	0.000000
4.800000	0.016762	0.034264	-0.154673	0.000766	0.000505	0.000000
4.850000	0.016762	0.034264	-0.154673	0.000766	0.000505	0.000000
4.900000	0.016762	0.034264	-0.154673	0.000766	0.000505	0.000000
4.950000	0.016762	0.034264	-0.154673	0.000766	0.000505	0.000000
5.000000	0.016762	0.034264	-0.154673	0.000766	0.000505	0.000000
5.050000	0.016762	0.034264	-0.154673	0.000766	0.000505	0.000000
5.100000	0.016762	0.034264	-0.154673	0.000766	0.000505	0.000000
5.150000	0.016762	0.034264	-0.154673	0.000766	0.000505	0.000000
5.200000	0.016762	0.034264	-0.154673	0.000766	0.000505	0.000000
5.250000	0.016762	0.034264	-0.154673	0.000766	0.000505	0.000000
5.300000	0.016762	0.034264	-0.154673	0.000766	0.000505	0.000000
5.350000	0.016762	0.034264	-0.154673	0.000766	0.000505	0.000000
5.400000	0.016762	0.034264	-0.154673	0.000766	0.000505	0.000000
5.450000	0.016762	0.034264	-0.154673	0.000766	0.000505	0.000000
5.500000	0.016762	0.034264	-0.154673	0.000766	0.000505	0.000000
5.550000	0.016762	0.034264	-0.154673	0.000766	0.000505	0.000000
5.600000	0.016762	0.034264	-0.154673	0.000766	0.000505	0.000000
5.650000	0.016762	0.034264	-0.154673	0.000766	0.000505	0.000000
5.700000	0.016762	0.034264	-0.154673	0.000766	0.000505	0.000000
5.750000	0.016762	0.034264	-0.154673	0.000766	0.000505	0.000000
5.800000	0.016762	0.034264	-0.154673	0.000766	0.000505	0.000000
5.850000	0.016762	0.034264	-0.154673	0.000766	0.000505	0.000000
5.900000	0.016762	0.034264	-0.154673	0.000766	0.000534	0.000000
5.950000	0.016762	0.034264	-0.154673	0.000766	0.000585	0.000000
6.000000	0.016762	0.034264	-0.154673	0.000769	0.000645	0.000000
6.050000	0.016762	0.034264	-0.154673	0.000763	0.000711	0.000000
6.100000	0.016762	0.034264	-0.154673	0.000767	0.000791	0.000000
6.150000	0.016762	0.034264	-0.154673	0.000773	0.000875	0.000000
6.200000	0.016762	0.034264	-0.154673	0.000785	0.000968	0.000000
6.250000	0.016762	0.034264	-0.154673	0.000786	0.001070	0.000000
6.300000	0.016762	0.034264	-0.154673	0.000784	0.001185	0.000000
6.350000	0.016762	0.034264	-0.154673	0.000780	0.001299	0.000000
6.400000	0.016762	0.034264	-0.154673	0.000767	0.001412	0.000000
6.450000	0.016762	0.034264	-0.154673	0.000754	0.001518	0.000000
6.500000	0.016762	0.034264	-0.154673	0.000747	0.001619	0.000000
6.550000	0.016762	0.034264	-0.154673	0.000743	0.001699	0.000000
6.600000	0.016762	0.034264	-0.154673	0.000744	0.001765	0.000000
6.650000	0.016762	0.034264	-0.154673	0.000753	0.001819	0.000000
6.700000	0.016762	0.034264	-0.154673	0.000768	0.001864	0.000000
6.750000	0.016762	0.034264	-0.154673	0.000773	0.001892	0.000000
6.800000	0.016762	0.034264	-0.154673	0.000777	0.001913	0.000000
6.850000	0.016762	0.034264	-0.154673	0.000776	0.001924	0.000000
6.900000	0.016762	0.034264	-0.154673	0.000781	0.001908	0.000000
6.950000	0.016762	0.034264	-0.154673	0.000788	0.001851	0.000000
7.000000	0.016762	0.034264	-0.154673	0.000799	0.001776	0.000000
7.050000	0.016762	0.034264	-0.154673	0.000821	0.001699	0.000000
7.100000	0.016762	0.034264	-0.154673	0.000844	0.001629	0.000000
7.150000	0.016762	0.034264	-0.154673	0.000859	0.001557	0.000000
7.200000	0.016762	0.034264	-0.154673	0.000873	0.001488	0.000000
7.250000	0.016762	0.034264	-0.154673	0.000886	0.001412	0.000000
7.300000	0.016762	0.034264	-0.154673	0.000898	0.001340	0.000000
7.350000	0.016762	0.034264	-0.154673	0.000912	0.001270	0.000000
7.400000	0.016762	0.034264	-0.154673	0.000926	0.001204	0.000000
7.450000	0.016762	0.034264	-0.154673	0.000938	0.001139	0.000000
7.500000	0.016762	0.034264	-0.154673	0.000947	0.001078	0.000000
7.550000	0.016762	0.034264	-0.154673	0.000962	0.001034	0.000000
7.600000	0.016762	0.034264	-0.154673	0.000977	0.001019	0.000000
7.650000	0.016762	0.034264	-0.154673	0.000990	0.001021	0.000000
7.700000	0.016762	0.034264	-0.154673	0.000990	0.001028	0.000000
7.750000	0.016762	0.034264	-0.154673	0.000990	0.001035	0.000000
7.800000	0.016762	0.034264	-0.154673	0.000990	0.001041	0.000000
7.850000	0.016762	0.034264	-0.154673	0.000990	0.001048	0.000000
7.900000	0.016762	0.034264	-0.154673	0.000990	0.001055	0.000000
7.950000	0.016762	0.034264	-0.154673	0.000990	0.001061	0.000000
8.000000	0.016762	0.034264	-0.154673	0.000990	0.001068	0.000000
8.050000	0.016762	0.034264	-0.154673	0.000990	0.001075	0.000000
8.100000	0.016762	0.034264	-0.154673	0.000990	0.001081	0.000000
8.150000	0.016762	0.034264	-0.154673	0.000990	0.001087	0.000000
8.200000	0.016762	0.034264	-0.154673	0.000990	0.001094	0.000000
8.250000	0.016762	0.034264	-0.154673	0.000990	0.001094	0.000000
8.300000	0.016762	0.034264	-0.154673	0.000990	0.001094	0.000000
8.350000	0.016762	0.034264	-0.154673	0.000990	0.001094	0.000000
8.400000	0.016762	0.034264	-0.154673	0.000990	0.001094	0.000000
8.450000	0.016762	0.034264	-0.154673	0.000990	0.001094	0.000000
8.500000	0.016762	0.034264	-0.154673	0.000990	0.001094	0.000000
8.550000	0.016762	0.034264	-0.154673	0.000990	0.001094	0.000000
8.600000	0.016762	0.034264	-0.154673	0.000990	0.001094	0.000000
8.650000	0.016762	0.034264	-0.154673	0.000990	0.001094	0.000000
8.700000	0.016762	0.034264	-0.154673	0.000990	0.001094	0.000000
8.750000	0.016762	0.034264	-0.154673	0.000990	0.001094	0.000000
8.800000	0.016762	0.034264	-0.154673	0.000990	0.001094	0.000000
8.850000	0.016762	0.034264	-0.154673	0.000990	0.001094	0.000000
8.900000	0.016762	0.034264	-0.154673	0.000990	0.001094	0.000000
8.950000	0.016762	0.034264	-0.154673	0.000990	0.001094	0.000000
9.000000	0.016762	0.034264	-0.154673	0.000990	0.001094	0.000000
9.050000	0.016762	0.034264	-0.154673	0.000990	0.001094	0.000000
9.100000	0.016762	0.034264	-0.154673	0.000990	0.001094	0.000000
9.150000	0.016762	0.034264	-0.154673	0.000990	0.001094	0.000000
9.200000	0.016762	0.034264	-0.154673	0.000990	0.001094	0.000000
9.250000	0.016762	0.034264	-0.154673	0.000990	0.001094	0.000000
9.300000	0.016762	0.034264	-0.154673	0.000990	0.001094	0.000000
9.350000	0.016762	0.034264	-0.154673	0.000990	0.001094	0.000000
9.400000	0.016762	0.034264	-0.154673	0.000990	0.001094	0.000000
9.450000	0.016762	0.034264	-0.154673	0.000990	0.001094	0.000000
9.500000	0.016762	0.034264	-0.154673	0.000990	0.001094	0.000000
9.550000	0.016762	0.034264	-0.154673	0.000990	0.001094	0.000000
9.600000	0.016762	0.034264	-0.154673	0.000990	0.001094	0.000000
9.650000	0.016762	0.034264	-0.154673	0.000990	0.001094	0.000000
9.700000	0.016762	0.034264	-0.154673	0.000990	0.001094	0.000000
9.750000	0.016762	0.034264	-0.154673	0.000990	0.001094	0.000000
9.800000	0.016762	0.034264	-0.154673	0.000990	0.001094	0.000000
9.850000	0.016762	0.034264	-0.154673	0.000990	0.001094	0.000000
9.900000	0.016762	0.034264	-0.154673	0.000990	0.001094	0.000000
9.950000	0.016762	0.034264	-0.154673	0.000990	0.001094	0.000000
10.000000	0.016762	0.034264	-0.154673	0.000990	0.001094	0.000000
10.050000	0.016762	0.034264	-0.154673	0.000990	0.001094	0.000000
10.100000	0.016762	0.034264	-0.154673	0.000990	0.001094	0.000000
10.150000	0.016762	0.034264	-0.154673	0.000990	0.001094	0.000000
10.200000	0.016762	0.034264	-0.154673	0.000990	0.001094	0.000000
10.250000	0.016762	0.034264	-0.154673	0.000990	0.001094	0.000000
10.300000	0.016762	0.034264	-0.154673	0.000990	0.001094	0.000000
10.350000	0.016762	0.034264	-0.154673	0.000990	0.001094	0.000000
10.400000	0.016762	0.034264	-0.154673	0.000990	0.001094	0.000000
10.450000	0.016762	0.034264	-0.154673	0.000990	0.001094	0.000000
10.500000	0.016762	0.034264	-0.154673	0.000990	0.001094	0.000000
10.550000	0.016762	0.034264	-0.154673	0.000990	0.001094	0.000000
10.600000	0.016762	0.034264	-0.154673	0.000990	0.001094	0.000000
10.650000	0.016762	0.034264	-0.154673	0.000990	0.001094	0.000000
10.700000	0.016762	0.034264	-0.154673	0.000984	0.001094	0.000000
10.750000	0.016762	0.034264	-0.154673	0.000964	0.001094	0.000000
10.800000	0.016762	0.034264	-0.154673	0.000937	0.001094	0.000000
10.850000	0.016762	0.034264	-0.154673	0.000902	0.001094	0.000000
10.900000	0.016762	0.034264	-0.154673	0.000856	0.001094	0.000000
10.950000	0.016762	0.034264	-0.154673	0.000806	0.001094	0.000000
11.000000	0.016762	0.034264	-0.154673	0.000752	0.001094	0.000000
11.050000	0.016762	0.034264	-0.154673	0.000696	0.001094	0.000000
11.100000	0.016762	0.034264	-0.154673	0.000634	0.001094	0.000000
11.150000	0.016762	0.034264	-0.154673	0.000575	0.001094	0.000000
11.200000	0.016762	0.034264	-0.154673	0.000512	0.001094	0.000000
11.250000	0.016762	0.034264	-0.154673	0.000450	0.001094	0.000000
11.300000	0.016762	0.034264	-0.154673	0.000396	0.001094	0.000000
11.350000	0.016762	0.034264	-0.154673	0.000354	0.001110	0.000000
11.400000	0.016762	0.034264	-0.154673	0.000328	0.001110	0.000000
11.450000	0.016762	0.034264	-0.154673	0.000310	0.001110	0.000000
11.500000	0.016762	0.034264	-0.154673	0.000310	0.001110	0.000000
11.550000	0.016762	0.034264	-0.154673	0.000330	0.001110	0.000000
11.600000	0.016762	0.034264	-0.154673	0.000345	0.001110	0.000000
11.650000	0.016762	0.034264	-0.154673	0.000367	0.001110	0.000000
11.700000	0.016762	0.034264	-0.154673	0.000403	0.001113	0.000000
11.750000	0.016762	0.034264	-0.154673	0.000457	0.001122	0.000000
11.800000	0.016762	0.034264	-0.154673	0.000521	0.001128	0.000000
11.850000	0.016762	0.034264	-0.154673	0.000588	0.001135	0.000000
11.900000	0.016762	0.034264	-0.154673	0.000656	0.001135	0.000000
11.950000	0.016762	0.034264	-0.154673	0.000723	0.001135	0.000000
12.000000	0.016762	0.034264	-0.154673	0.000786	0.001135	0.000000
12.050000	0.016762	0.034264	-0.154673	0.000845	0.001135	0.000000
12.100000	0.016762	0.034264	-0.154673	0.000903	0.001135	0.000000
12.150000	0.016762	0.034264	-0.154673	0.000953	0.001135	0.000000
12.200000	0.016762	0.034264	-0.154673	0.000992	0.001135	0.000000
12.250000	0.016762	0.034264	-0.154673	0.001040	0.001135	0.000000
12.300000	0.016762	0.034264	-0.154673	0.001086	0.001135	0.000000
12.350000	0.016762	0.034264	-0.154673	0.001120	0.001135	0.000000
12.400000	0.016762	0.034264	-0.154673	0.001142	0.001135	0.000000
12.450000	0.016762	0.034264	-0.154673	0.001152	0.001135	0.000000
12.500000	0.016762	0.034264	-0.154673	0.001162	0.001135	0.000000
12.550000	0.016762	0.034264	-0.154673	0.001171	0.001135	0.000000
12.600000	0.016762	0.034264	-0.154673	0.001179	0.001135	0.000000
12.650000	0.016762	0.034264	-0.154673	0.001187	0.001135	0.000000
12.700000	0.016762	0.034264	-0.154673	0.001196	0.001135	0.000000
12.750000	0.016762	0.034264	-0.154673	0.001204	0.001135	0.000000
12.800000	0.016762	0.034264	-0.154673	0.001213	0.001135	0.000000
12.850000	0.016762	0.034264	-0.154673	0.001222	0.001135	0.000000
12.900000	0.016762	0.034264	-0.154673	0.001231	0.001135	0.000000
12.950000	0.016762	0.034264	-0.154673	0.001239	0.001135	0.000000
13.000000	0.016762	0.034264	-0.154673	0.001248	0.001135	0.000000
13.050000	0.016762	0.034264	-0.154673	0.001248	0.001135	0.000000
13.100000	0.016762	0.034264	-0.154673	0.001248	0.001135	0.000000
13.150000	0.016762	0.034264	-0.154673	0.001248	0.001135	0.000000
13.200000	0.016762	0.034264	-0.154673	0.001248	0.001135	0.000000
13.250000	0.016762	0.034264	-0.154673	0.001248	0.001135	0.000000
13.300000	0.016762	0.034264	-0.154673	0.001248	0.001135	0.000000
13.350000	0.016762	0.034264	-0.154673	0.001248	0.001135	0.000000
13.400000	0.016762	0.034264	-0.154673	0.001248	0.001135	0.000000
13.450000	0.016762	0.034264	-0.154673	0.001248	0.001135	0.000000
13.500000	0.016762	0.034264	-0.154673	0.001248	0.001135	0.000000
13.550000	0.016762	0.034264	-0.154673	0.001248	0.001135	0.000000
13.600000	0.016762	0.034264	-0.154673	0.001248	0.001135	0.000000
13.650000	0.016762	0.034264	-0.154673	0.001248	0.001135	0.000000
13.700000	0.016762	0.034264	-0.154673	0.001248	0.001135	0.000000
13.750000	0.016762	0.034264	-0.154673	0.001248	0.001135	0.000000
13.800000	0.016762	0.034264	-0.154673	0.001248	0.001135	0.000000
13.850000	0.016762	0.034264	-0.154673	0.001248	0.001135	0.000000
13.900000	0.016762	0.034264	-0.154673	0.001248	0.001135	0.000000
13.950000	0.016762	0.034264	-0.154673	0.001248	0.001135	0.000000
14.000000	0.016762	0.034264	-0.154673	0.001248	0.001135	0.000000
14.050000	0.016762	0.034264	-0.154673	0.001248	0.001135	0.000000
14.100000	0.016762	0.034264	-0.154673	0.001248	0.001135	0.000000
14.150000	0.016762	0.034264	-0.154673	0.001248	0.001135	0.000000
14.200000	0.016762	0.034264	-0.154673	0.001248	0.001135	0.000000
14.250000	0.016762	0.034264	-0.154673	0.001248	0.001135	0.000000
14.300000	0.016762	0.034264	-0.154673	0.001248	0.001135	0.000000
14.350000	0.016762	0.034264	-0.154673	0.001248	0.001135	0.000000
14.400000	0.016762	0.034264	-0.154673	0.001248	0.001135	0.000000
14.450000	0.016762	0.034264	-0.154673	0.001248	0.001135	0.000000
14.500000	0.016762	0.034264	-0.154673	0.001248	0.001135	0.000000
14.550000	0.016762	0.034264	-0.154673	0.001248	0.001135	0.000000
14.600000	0.016762	0.034264	-0.154673	0.001248	0.001135	0.000000
14.650000	0.016762	0.034264	-0.154673	0.001248	0.001135	0.000000
14.700000	0.016762	0.034264	-0.154673	0.001248	0.001135	0.000000
14.750000	0.016762	0.034264	-0.154673	0.001277	0.001135	0.000000
14.800000	0.016762	0.034264	-0.154673	0.001317	0.001135	0.000000
14.850000	0.016762	0.034264	-0.154673	0.001371	0.001135	0.000000
14.900000	0.016762	0.034264	-0.154673	0.001433	0.001135	0.000000
14.950000	0.016762	0.034264	-0.154673	0.001499	0.001135	0.000000
15.000000	0.016762	0.034264	-0.154673	0.001568	0.001135	0.000000
15.050000	0.016762	0.034264	-0.154673	0.001637	0.001135	0.000000
15.100000	0.016762	0.034264	-0.154673	0.001708	0.001135	0.000000
15.150000	0.016762	0.034264	-0.154673	0.001779	0.001135	0.000000
15.200000	0.016762	0.034264	-0.154673	0.001851	0.001130	0.000000
15.250000	0.016762	0.034264	-0.154673	0.001920	0.001126	0.000000
15.300000	0.016762	0.034264	-0.154673	0.001990	0.001120	0.000000
15.350000	0.016762	0.034264	-0.154673	0.002055	0.001115	0.000000
15.400000	0.016762	0.034264	-0.154673	0.002113	0.001109	0.000000
15.450000	0.016762	0.034264	-0.154673	0.002161	0.001104	0.000000
15.500000	0.016762	0.034264	-0.154673	0.002195	0.001099	0.000000
15.550000	0.016762	0.034264	-0.154673	0.002226	0.001092	0.000000
15.600000	0.016762	0.034264	-0.154673	0.002250	0.001077	0.000000
15.650000	0.016762	0.034264	-0.154673	0.002271	0.001077	0.000000
15.700000	0.016762	0.034264	-0.154673	0.002287	0.001077	0.000000
15.750000	0.016762	0.034264	-0.154673	0.002304	0.001077	0.000000
15.800000	0.016762	0.034264	-0.154673	0.002312	0.001077	0.000000
15.850000	0.016762	0.034264	-0.154673	0.002315	0.001077	0.000000
15.900000	0.016762	0.034264	-0.154673	0.002317	0.001077	0.000000
15.950000	0.016762	0.034264	-0.154673	0.002310	0.001077	0.000000
16.000000	0.016762	0.034264	-0.154673	0.002305	0.001075	0.000000
16.050000	0.016762	0.034264	-0.154673	0.002292	0.001074	0.000000
16.100000	0.016762	0.034264	-0.154673	0.002272	0.001067	0.000000
16.150000	0.016762	0.034264	-0.154673	0.002242	0.001062	0.000000
16.200000	0.016762	0.034264	-0.154673	0.002209	0.001058	0.000000
16.250000	0.016762	0.034264	-0.154673	0.002179	0.001058	0.000000
16.300000	0.016762	0.034264	-0.154673	0.002151	0.001058	0.000000
16.350000	0.016762	0.034264	-0.154673	0.002142	0.001058	0.000000
16.400000	0.016762	0.034264	-0.154673	0.002131	0.001058	0.000000
16.450000	0.016762	0.034264	-0.154673	0.002130	0.001058	0.000000
16.500000	0.016762	0.034264	-0.154673	0.002133	0.001058	0.000000
16.550000	0.016762	0.034264	-0.154673	0.002140	0.001058	0.000000
16.600000	0.016762	0.034264	-0.154673	0.002152	0.001058	0.000000
16.650000	0.016762	0.034264	-0.154673	0.002163	0.001058	0.000000
16.700000	0.016762	0.034264	-0.154673	0.002178	0.001058	0.000000
16.750000	0.016762	0.034264	-0.154673	0.002201	0.001058	0.000000
16.800000	0.016762	0.034264	-0.154673	0.002234	0.001058	0.000000
16.850000	0.016762	0.034264	-0.154673	0.002266	0.001058	0.000000
16.900000	0.016762	0.034264	-0.154673	0.002298	0.001058	0.000000
16.950000	0.016762	0.034264	-0.154673	0.002330	0.001058	0.000000
17.000000	0.016762	0.034264	-0.154673	0.002347	0.001058	0.000000
17.050000	0.016762	0.034264	-0.154673	0.002364	0.001064	0.000000
17.100000	0.016762	0.034264	-0.154673	0.002381	0.001069	0.000000
17.150000	0.016762	0.034264	-0.154673	0.002398	0.001074	0.000000
17.200000	0.016762	0.034264	-0.154673	0.002415	0.001078	0.000000
17.250000	0.016762	0.034264	-0.154673	0.002432	0.001083	0.000000
17.300000	0.016762	0.034264	-0.154673	0.002448	0.001089	0.000000
17.350000	0.016762	0.034264	-0.154673	0.002465	0.001094	0.000000
17.400000	0.016762	0.034264	-0.154673	0.002482	0.001099	0.000000
17.450000	0.016762	0.034264	-0.154673	0.002498	0.001104	0.000000
17.500000	0.016762	0.034264	-0.154673	0.002515	0.001110	0.000000
17.550000	0.016762	0.034264	-0.154673	0.002531	0.001110	0.000000
17.600000	0.016762	0.034264	-0.154673	0.002531	0.001110	0.000000
17.650000	0.016762	0.034264	-0.154673	0.002531	0.001110	0.000000
17.700000	0.016762	0.034264	-0.154673	0.002531	0.001110	0.000000
17.750000	0.016762	0.034264	-0.154673	0.002531	0.001110	0.000000
17.800000	0.016762	0.034264	-0.154673	0.002531	0.001110	0.000000
17.850000	0.016762	0.034264	-0.154673	0.002531	0.001110	0.000000
17.900000	0.016762	0.034264	-0.154673	0.002531	0.001110	0.000000
17.950000	0.016762	0.034264	-0.154673	0.002531	0.001110	0.000000
18.000000	0.016762	0.034264	-0.154673	0.002531	0.001110	0.000000
18.050000	0.016762	0.034264	-0.154673	0.002531	0.001110	0.000000
18.100000	0.016762	0.034264	-0.154673	0.002531	0.001110	0.000000
18.150000	0.016762	0.034264	-0.154673	0.002531	0.001110	0.000000
18.200000	0.016762	0.034264	-0.154673	0.002531	0.001110	0.000000
18.250000	0.016762	0.034264	-0.154673	0.002531	0.001110	0.000000
18.300000	0.016762	0.034264	-0.154673	0.002531	0.001110	0.000000
18.350000	0.016762	0.034264	-0.154673	0.002531	0.001110	0.000000
18.400000	0.016762	0.034264	-0.154673	0.002531	0.001110	0.000000
18.450000	0.016762	0.034264	-0.154673	0.002531	0.001110	0.000000
18.500000	0.016762	0.034264	-0.154673	0.002531	0.001110	0.000000
18.550000	0.016762	0.034264	-0.154673	0.002531	0.001110	0.000000
18.600000	0.016762	0.034264	-0.154673	0.002531	0.001110	0.000000
18.650000	0.016762	0.034264	-0.154673	0.002531	0.001110	0.000000
18.700000	0.016762	0.034264	-0.154673	0.002531	0.001110	0.000000
18.750000	0.016762	0.034264	-0.154673	0.002531	0.001110	0.000000
18.800000	0.016762	0.034264	-0.154673	0.002531	0.001110	0.000000
18.850000	0.016762	0.034264	-0.154673	0.002531	0.001110	0.000000
18.900000	0.016762	0.034264	-0.154673	0.002531	0.001110	0.000000
18.950000	0.016762	0.034264	-0.154673	0.002531	0.001110	0.000000
19.000000	0.016762	0.034264	-0.154673	0.002531	0.001110	0.000000
19.050000	0.016762	0.034264	-0.154673	0.002531	0.001110	0.000000
19.100000	0.016762	0.034264	-0.154673	0.002531	0.001110	0.000000
19.150000	0.016762	0.034264	-0.154673	0.002531	0.001110	0.000000
19.200000	0.016762	0.034264	-0.154673	0.002531	0.001110	0.000000
19.250000	0.016762	0.034264	-0.154673	0.002531	0.001110	0.000000
19.300000	0.016762	0.034264	-0.154673	0.002531	0.001110	0.000000
19.350000	0.016762	0.034264	-0.154673	0.002531	0.001110	-0.001263
19.400000	0.016762	0.034264	-0.154673	0.002531	0.001110	-0.002557
19.450000	0.016762	0.034264	-0.154673	0.002531	0.001110	-0.003872
19.500000	0.016762	0.034264	-0.154673	0.002531	0.001110	-0.005211
19.550000	0.016762	0.034264	-0.154673	0.002556	0.001106	-0.006570
19.600000	0.016762	0.034264	-0.154673	0.002580	0.001096	-0.007946
19.650000	0.016762	0.034264	-0.154673	0.002599	0.001087	-0.009334
19.700000	0.016762	0.034264	-0.154673	0.002619	0.001079	-0.010732
19.750000	0.016762	0.034264	-0.154673	0.002648	0.001074	-0.012134
19.800000	0.016762	0.034264	-0.154673	0.002690	0.001073	-0.013533
19.850000	0.016762	0.034264	-0.154673	0.002750	0.001072	-0.014919
19.900000	0.016762	0.034264	-0.154673	0.002825	0.001070	-0.016287
19.950000	0.016762	0.034264	-0.154673	0.002910	0.001071	-0.017618
20.000000	0.740549	0.034264	-0.154673	0.002910	0.001059	-0.018909
20.050000	1.410969	0.034264	-0.154673	0.002910	0.001040	-0.020139
20.100000	1.985079	0.034264	-0.154673	0.002910	0.001006	-0.021332
20.150000	1.985079	0.034264	0.578191	0.003028	0.001006	-0.022481
20.200000	1.985079	0.034264	1.321768	0.003151	0.001006	-0.022481
20.250000	1.985079	0.034264	1.321768	0.003280	0.000948	-0.022481
20.300000	1.985079	0.034264	1.321768	0.003426	0.000876	-0.022481
20.350000	1.985079	0.034264	1.321768	0.003582	0.000790	-0.022481
20.400000	1.985079	0.034264	1.321768	0.003743	0.000685	-0.022481
20.450000	1.985079	0.034264	1.321768	0.003904	0.000560	-0.022481
20.500000	1.864097	0.034264	1.321768	0.003904	0.000415	-0.022481
20.550000	1.643662	0.034264	1.321768	0.003904	0.000260	-0.022481
20.600000	1.339207	0.034264	1.321768	0.003904	0.000092	-0.023579
20.650000	1.047951	0.034264	1.321768	0.003904	-0.000078	-0.024703
20.700000	0.794332	0.034264	1.321768	0.003904	-0.000254	-0.025855
20.750000	0.596586	0.034264	1.321768	0.003904	-0.000431	-0.027022
20.800000	0.502934	0.034264	1.321768	0.003904	-0.000612	-0.028208
20.850000	0.502934	0.034264	1.321768	0.004066	-0.000793	-0.029401
20.900000	0.502934	0.034264	1.321768	0.004232	-0.000974	-0.030602
20.950000	0.502934	0.034264	1.321768	0.004399	-0.001157	-0.031812
21.000000	0.502934	0.034264	1.321768	0.004567	-0.001342	-0.033026
21.050000	0.502934	0.034264	1.321768	0.004730	-0.001527	-0.034238
21.100000	0.502934	0.034264	1.321768	0.004891	-0.001713	-0.035453
21.150000	0.502934	0.034264	1.321768	0.005051	-0.001898	-0.036666
21.200000	0.502934	0.034264	1.321768	0.005209	-0.002086	-0.037880
21.250000	0.502934	0.034264	1.321768	0.005369	-0.002272	-0.039093
21.300000	0.502934	0.034264	1.321768	0.005369	-0.002272	-0.040307
21.350000	0.502934	0.034264	1.321768	0.005369	-0.002272	-0.041520
21.400000	0.502934	0.034264	1.321768	0.005369	-0.002272	-0.042733
21.450000	0.502934	0.034264	1.321768	0.005369	-0.002272	-0.043944
21.500000	0.502934	0.034264	1.321768	0.005369	-0.002272	-0.045158
21.550000	0.502934	0.034264	1.321768	0.005369	-0.002272	-0.045158
21.600000	0.502934	0.034264	1.321768	0.005369	-0.002272	-0.045158
21.650000	0.502934	0.034264	1.321768	0.005369	-0.002272	-0.045158
21.700000	0.502934	0.034264	1.321768	0.005369	-0.002272	-0.045158
21.750000	0.502934	0.034264	1.321768	0.005541	-0.002272	-0.045158
21.800000	0.502934	0.034264	1.321768	0.005714	-0.002272	-0.045158
21.850000	0.502934	0.034264	1.321768	0.005888	-0.002272	-0.045158
21.900000	0.502934	0.034264	1.321768	0.006061	-0.002272	-0.045158
21.950000	0.502934	0.034264	1.321768	0.006233	-0.002272	-0.045158
22.000000	0.502934	0.034264	1.321768	0.006233	-0.002272	-0.045158
22.050000	0.502934	0.034264	1.321768	0.006233	-0.002272	-0.045158
22.100000	0.502934	0.034264	1.321768	0.006233	-0.002272	-0.045158
22.150000	0.502934	0.034264	1.321768	0.006233	-0.002272	-0.045158
22.200000	0.502934	0.034264	1.321768	0.006233	-0.002272	-0.045158
22.250000	0.502934	0.034264	1.321768	0.006414	-0.002272	-0.045158
22.300000	0.502934	0.034264	1.321768	0.006596	-0.002272	-0.045158
22.350000	0.502934	0.034264	1.321768	0.006776	-0.002272	-0.045158
22.400000	0.502934	0.034264	1.321768	0.006960	-0.002272	-0.045158
22.450000	0.502934	0.034264	1.321768	0.007146	-0.002272	-0.045158
22.500000	0.502934	0.034264	1.321768	0.007337	-0.002272	-0.045158
22.550000	0.502934	0.034264	1.321768	0.007530	-0.002272	-0.045158
22.600000	0.502934	0.034264	1.321768	0.007726	-0.002272	-0.045158
22.650000	0.502934	0.034264	1.321768	0.007925	-0.002272	-0.045158
22.700000	0.502934	0.034264	1.321768	0.008125	-0.002272	-0.045158
22.750000	0.502934	0.034264	1.321768	0.008326	-0.002272	-0.045158
22.800000	0.502934	0.034264	1.321768	0.008528	-0.002272	-0.045158
22.850000	0.502934	0.034264	1.321768	0.008733	-0.002272	-0.046350
22.900000	0.502934	0.034264	1.321768	0.008941	-0.002272	-0.047528
22.950000	0.502934	0.034264	1.321768	0.009154	-0.002446	-0.048690
23.000000	0.502934	0.034264	1.321768	0.009369	-0.002614	-0.049837
23.050000	0.502934	0.034264	1.321768	0.009584	-0.002780	-0.050977
23.100000	0.502934	0.034264	1.321768	0.009801	-0.002937	-0.052107
23.150000	0.502934	0.034264	1.321768	0.010020	-0.003088	-0.053240
23.200000	0.502934	0.034264	1.321768	0.010240	-0.003225	-0.054365
23.250000	0.502934	0.034264	1.321768	0.010459	-0.003350	-0.055492
23.300000	0.502934	0.034264	1.321768	0.010684	-0.003460	-0.056619
23.350000	0.502934	0.034264	1.321768	0.010911	-0.003561	-0.057750
23.400000	0.502934	0.034264	0.626155	0.011139	-0.003561	-0.058882
23.450000	0.502934	0.034264	-0.076183	0.011363	-0.003561	-0.060013
23.500000	0.502934	0.034264	-0.076183	0.011589	-0.003623	-0.061155
23.550000	0.502934	0.034264	-0.076183	0.011808	-0.003680	-0.062312
23.600000	0.502934	0.034264	-0.076183	0.012027	-0.003729	-0.063490
23.650000	0.502934	0.034264	-0.076183	0.012243	-0.003770	-0.064689
23.700000	0.502934	0.034264	-0.076183	0.012457	-0.003802	-0.065906
23.750000	0.502934	0.034264	-0.076183	0.012659	-0.003832	-0.067137
23.800000	0.502934	0.034264	-0.076183	0.012858	-0.003848	-0.068372
23.850000	0.502934	0.034264	-0.076183	0.013048	-0.003861	-0.069623
23.900000	0.502934	0.034264	-0.076183	0.013234	-0.003872	-0.070880
23.950000	0.502934	0.034264	-0.076183	0.013394	-0.003881	-0.072142
24.000000	0.502934	0.034264	-0.076183	0.013548	-0.003883	-0.073407
24.050000	0.502934	0.034264	-0.076183	0.013688	-0.003889	-0.074679
24.100000	0.502934	0.034264	-0.076183	0.013823	-0.003897	-0.075966
24.150000	0.502934	0.034264	-0.076183	0.013950	-0.003901	-0.077258
24.200000	0.502934	0.034264	-0.076183	0.014070	-0.003900	-0.078558
24.250000	0.502934	0.034264	-0.076183	0.014180	-0.003896	-0.079856
24.300000	0.502934	0.034264	-0.076183	0.014286	-0.003884	-0.081156
24.350000	0.502934	0.034264	-0.076183	0.014380	-0.003866	-0.082445
24.400000	0.502934	0.034264	-0.076183	0.014466	-0.003848	-0.083731
24.450000	0.502934	0.034264	-0.076183	0.014544	-0.003830	-0.085012
24.500000	0.502934	0.034264	-0.076183	0.014616	-0.003817	-0.086289
24.550000	0.502934	0.034264	-0.076183	0.014677	-0.003800	-0.087560
24.600000	0.502934	0.034264	-0.076183	0.014741	-0.003784	-0.088828
24.650000	0.502934	0.034264	-0.076183	0.014796	-0.003768	-0.090093
24.700000	0.502934	0.034264	-0.076183	0.014847	-0.003752	-0.091354
24.750000	0.502934	0.034264	-0.076183	0.014891	-0.003733	-0.092606
24.800000	0.502934	0.034264	-0.076183	0.014927	-0.003716	-0.093854
24.850000	0.502934	0.034264	-0.076183	0.014959	-0.003698	-0.095098
24.900000	0.502934	0.034264	-0.076183	0.014984	-0.003698	-0.096341
24.950000	0.502934	0.034264	-0.076183	0.015003	-0.003698	-0.097577
25.000000	0.502934	0.034264	-0.076183	0.015019	-0.003698	-0.098814
25.050000	0.502934	0.034264	-0.076183	0.015038	-0.003698	-0.100053
25.100000	0.502934	0.034264	-0.076183	0.015051	-0.003693	-0.101292
25.150000	0.502934	0.034264	-0.076183	0.015064	-0.003687	-0.102532
25.200000	0.502934	0.034264	-0.076183	0.015079	-0.003683	-0.103772
25.250000	0.502934	0.034264	-0.076183	0.015094	-0.003680	-0.105010
25.300000	0.502934	0.034264	-0.076183	0.015108	-0.003678	-0.106249
25.350000	0.502934	0.034264	-0.076183	0.015123	-0.003675	-0.107488
25.400000	0.502934	0.034264	-0.076183	0.015137	-0.003672	-0.107488
25.450000	0.502934	0.034264	-0.076183	0.015150	-0.003667	-0.107488
25.500000	0.502934	0.034264	-0.076183	0.015150	-0.003663	-0.107488
25.550000	0.502934	0.034264	-0.076183	0.015150	-0.003663	-0.107488
25.600000	0.502934	0.034264	-0.076183	0.015150	-0.003663	-0.107488
25.650000	0.502934	0.034264	-0.076183	0.015150	-0.003663	-0.107488
25.700000	0.502934	0.034264	-0.076183	0.015150	-0.003663	-0.107488
25.750000	0.502934	0.034264	-0.076183	0.015150	-0.003663	-0.107488
25.800000	0.502934	0.034264	-0.076183	0.015150	-0.003663	-0.107488
25.850000	0.502934	0.034264	-0.076183	0.015150	-0.003663	-0.107488
25.900000	0.502934	0.034264	-0.076183	0.015150	-0.003663	-0.107488
25.950000	0.502934	0.034264	-0.076183	0.015150	-0.003663	-0.107488
26.000000	0.502934	0.034264	-0.076183	0.015150	-0.003663	-0.107488
26.050000	0.502934	0.034264	-0.076183	0.015150	-0.003663	-0.107488
26.100000	0.502934	0.034264	-0.076183	0.015150	-0.003663	-0.107488
26.150000	0.502934	0.034264	-0.076183	0.015150	-0.003663	-0.107488
26.200000	0.502934	0.034264	-0.076183	0.015150	-0.003663	-0.107488
26.250000	0.502934	0.034264	-0.076183	0.015150	-0.003663	-0.107488
26.300000	0.502934	0.034264	-0.076183	0.015150	-0.003663	-0.107488
26.350000	0.502934	0.034264	-0.076183	0.015150	-0.003663	-0.107488
26.400000	0.502934	0.034264	-0.076183	0.015150	-0.003663	-0.107488
26.450000	0.502934	0.034264	-0.076183	0.015150	-0.003663	-0.107488
26.500000	0.502934	0.034264	-0.076183	0.015150	-0.003663	-0.107488
26.550000	0.502934	0.034264	-0.076183	0.015150	-0.003663	-0.107488
26.600000	0.502934	0.034264	-0.076183	0.015150	-0.003663	-0.107488
26.650000	0.502934	0.034264	-0.076183	0.015150	-0.003663	-0.107488
26.700000	0.502934	0.034264	-0.076183	0.015150	-0.003663	-0.107488
26.750000	0.502934	0.034264	-0.076183	0.015150	-0.003663	-0.107488
26.800000	0.502934	0.034264	-0.076183	0.015150	-0.003663	-0.107488
26.850000	0.502934	0.034264	-0.076183	0.015150	-0.003663	-0.107488
26.900000	0.502934	0.034264	-0.076183	0.015150	-0.003663	-0.107488
26.950000	0.502934	0.034264	-0.076183	0.015150	-0.003663	-0.107488
27.000000	0.502934	0.034264	-0.076183	0.015150	-0.003663	-0.107488
27.050000	0.502934	0.034264	-0.076183	0.015150	-0.003663	-0.107488
27.100000	0.502934	0.034264	-0.076183	0.015150	-0.003663	-0.107488
27.150000	0.502934	0.034264	-0.076183	0.015150	-0.003663	-0.107488
27.200000	0.502934	0.034264	-0.076183	0.015150	-0.003663	-0.107488
27.250000	0.502934	0.034264	-0.076183	0.015150	-0.003663	-0.107488
27.300000	0.502934	0.034264	-0.076183	0.015150	-0.003663	-0.107488
27.350000	0.502934	0.034264	-0.076183	0.015150	-0.003663	-0.107488
27.400000	0.502934	0.034264	-0.076183	0.015150	-0.003663	-0.107488
27.450000	0.502934	0.034264	-0.076183	0.015150	-0.003663	-0.107488
27.500000	0.502934	0.034264	-0.076183	0.015150	-0.003663	-0.107488
27.550000	0.502934	0.034264	-0.076183	0.015150	-0.003663	-0.107488
27.600000	0.502934	0.034264	-0.076183	0.015150	-0.003663	-0.107488
27.650000	0.502934	0.034264	-0.076183	0.015150	-0.003663	-0.107488
27.700000	0.502934	0.034264	-0.076183	0.015150	-0.003663	-0.107488
27.750000	0.502934	0.034264	-0.076183	0.015150	-0.003663	-0.107488
27.800000	0.502934	0.034264	-0.076183	0.015150	-0.003663	-0.107488
27.850000	0.502934	0.034264	-0.076183	0.015150	-0.003663	-0.107488
27.900000	0.502934	0.034264	-0.076183	0.015150	-0.003663	-0.107488
27.950000	0.502934	0.034264	-0.076183	0.015150	-0.003663	-0.107488
28.000000	0.502934	0.034264	-0.076183	0.015150	-0.003663	-0.107488
28.050000	0.502934	0.034264	-0.076183	0.015150	-0.003663	-0.107488
28.100000	0.502934	0.034264	-0.076183	0.015150	-0.003663	-0.107488
28.150000	0.502934	0.034264	-0.076183	0.015150	-0.003663	-0.107488
28.200000	0.502934	0.034264	-0.076183	0.015150	-0.003663	-0.107488
28.250000	0.502934	0.034264	-0.076183	0.015150	-0.003663	-0.107488
28.300000	0.502934	0.034264	-0.076183	0.015150	-0.003663	-0.107488
28.350000	0.502934	0.034264	-0.076183	0.015150	-0.003663	-0.107488
28.400000	0.502934	0.034264	-0.076183	0.015150	-0.003663	-0.107488
28.450000	0.502934	0.034264	-0.076183	0.015150	-0.003663	-0.107488
28.500000	0.502934	0.034264	-0.076183	0.015150	-0.003663	-0.107488
28.550000	0.502934	0.034264	-0.076183	0.015150	-0.003663	-0.107488
28.600000	0.502934	0.034264	-0.076183	0.015150	-0.003663	-0.107488
28.650000	0.502934	0.034264	-0.076183	0.015150	-0.003663	-0.107488
28.700000	0.502934	0.034264	-0.076183	0.015150	-0.003663	-0.107488
28.750000	0.502934	0.034264	-0.076183	0.015150	-0.003663	-0.107488
28.800000	0.502934	0.034264	-0.076183	0.015150	-0.003663	-0.107488
28.850000	0.502934	0.034264	-0.076183	0.015150	-0.003663	-0.107488
28.900000	0.502934	0.034264	-0.076183	0.015150	-0.003663	-0.107488
28.950000	0.502934	0.034264	-0.076183	0.015150	-0.003663	-0.107488
29.000000	0.502934	0.034264	-0.076183	0.015150	-0.003663	-0.107488
29.050000	0.502934	0.034264	-0.076183	0.015150	-0.003663	-0.107488
29.100000	0.502934	0.034264	-0.076183	0.015150	-0.003663	-0.107488
29.150000	0.502934	0.034264	-0.076183	0.015150	-0.003663	-0.107488
29.200000	0.502934	0.034264	-0.076183	0.015150	-0.003663	-0.107488
29.250000	0.502934	0.034264	-0.076183	0.015150	-0.003663	-0.107488
29.300000	0.502934	0.034264	-0.076183	0.015150	-0.003663	-0.107488
29.350000	0.502934	0.034264	-0.076183	0.015150	-0.003663	-0.107488
29.400000	0.502934	0.034264	-0.076183	0.015150	-0.003663	-0.107488
29.450000	0.502934	0.034264	-0.076183	0.015150	-0.003663	-0.107488
29.500000	0.502934	0.034264	-0.076183	0.015150	-0.003663	-0.107488
29.550000	0.502934	0.034264	-0.076183	0.015150	-0.003663	-0.107488
29.600000	0.502934	0.034264	-0.076183	0.015150	-0.003663	-0.107488
29.650000	0.502934	0.034264	-0.076183	0.015150	-0.003663	-0.107488
29.700000	0.502934	0.034264	-0.076183	0.015150	-0.003663	-0.107488
29.750000	0.502934	0.034264	-0.076183	0.015150	-0.003663	-0.107488
29.800000	0.502934	0.034264	-0.076183	0.015150	-0.003663	-0.107488
29.850000	0.502934	0.034264	-0.076183	0.015150	-0.003663	-0.107488
29.900000	0.502934	0.034264	-0.076183	0.015150	-0.003663	-0.107488
29.950000	0.502934	0.034264	-0.076183	0.015150	-0.003663	-0.107488
30.000000	0.502934	0.034264	-0.076183	0.015150	-0.003663	-0.107488
30.050000	0.502934	0.034264	-0.076183	0.015150	-0.003663	-0.107488
30.100000	0.502934	0.034264	-0.076183	0.015150	-0.003663	-0.107488
30.150000	0.502934	0.034264	-0.076183	0.015150	-0.003663	-0.107488
30.200000	0.502934	0.034264	-0.076183	0.015150	-0.003663	-0.107488
30.250000	0.502934	0.034264	-0.076183	0.015150	-0.003663	-0.107488
30.300000	0.502934	0.034264	-0.076183	0.015150	-0.003663	-0.107488
30.350000	0.502934	0.034264	-0.076183	0.015150	-0.003663	-0.107488
30.400000	0.502934	0.034264	-0.076183	0.015150	-0.003663	-0.107488
30.450000	0.502934	0.034264	-0.076183	0.015150	-0.003663	-0.107488
30.500000	0.502934	0.034264	-0.076183	0.015150	-0.003663	-0.107488
30.550000	0.502934	0.034264	-0.076183	0.015150	-0.003663	-0.107488
30.600000	0.502934	0.034264	-0.076183	0.015150	-0.003663	-0.107488
30.650000	0.502934	0.034264	-0.076183	0.015150	-0.003663	-0.107488
30.700000	0.502934	0.034264	-0.076183	0.015150	-0.003663	-0.107488
30.750000	0.502934	0.034264	-0.076183	0.015150	-0.003663	-0.107488
30.800000	0.502934	0.034264	-0.076183	0.015150	-0.003663	-0.107488
30.850000	0.502934	0.034264	-0.076183	0.015150	-0.003663	-0.107488
30.900000	0.502934	0.034264	-0.076183	0.015150	-0.003663	-0.107488
30.950000	0.502934	0.034264	-0.076183	0.015150	-0.003663	-0.107488
31.000000	0.502934	0.034264	-0.076183	0.015150	-0.003663	-0.107488
31.050000	0.502934	0.034264	-0.076183	0.015150	-0.003663	-0.107488
31.100000	0.502934	0.034264	-0.076183	0.015150	-0.003663	-0.107488
31.150000	0.502934	0.034264	-0.076183	0.015150	-0.003663	-0.107488
31.200000	0.502934	0.034264	-0.076183	0.015150	-0.003663	-0.107488
31.250000	0.502934	0.034264	-0.076183	0.015150	-0.003663	-0.107488
31.300000	0.502934	0.034264	-0.076183	0.015150	-0.003663	-0.107488
31.350000	0.502934	0.034264	-0.076183	0.015150	-0.003663	-0.107488
31.400000	0.502934	0.034264	-0.076183	0.015150	-0.003663	-0.107488
31.450000	0.502934	0.034264	-0.076183	0.015150	-0.003663	-0.107488
31.500000	0.502934	0.034264	-0.076183	0.015150	-0.003663	-0.107488
31.550000	0.502934	0.034264	-0.076183	0.015150	-0.003663	-0.107488
31.600000	0.502934	0.034264	-0.076183	0.015150	-0.003663	-0.107488
31.650000	0.502934	0.034264	-0.076183	0.015150	-0.003663	-0.107488
31.700000	0.502934	0.919921	-0.076183	0.015142	-0.003663	-0.107488
31.750000	0.502934	1.959385	-0.076183	0.015141	-0.003663	-0.107488
31.800000	0.502934	3.235971	-0.076183	0.015133	-0.003663	-0.107488
31.850000	0.502934	4.714333	-0.076183	0.015129	-0.003663	-0.107488
31.900000	0.502934	6.449838	-0.076183	0.015131	-0.003677	-0.107488
31.950000	0.502934	8.461094	-0.076183	0.015133	-0.003694	-0.107488
32.000000	0.502934	10.722134	-0.076183	0.015130	-0.003707	-0.107488
32.050000	0.502934	13.118272	-0.076183	0.015116	-0.003717	-0.107488
32.100000	0.502934	15.631767	-0.076183	0.015115	-0.003732	-0.107488
32.150000	0.502934	18.405607	-0.076183	0.015116	-0.003746	-0.107488
32.200000	0.502934	21.464033	-0.076183	0.015107	-0.003746	-0.107488
32.250000	0.502934	24.651720	-0.076183	0.015094	-0.003746	-0.107488
32.300000	0.502934	27.916500	-0.076183	0.015092	-0.003746	-0.107488
32.350000	0.502934	31.325673	-0.076183	0.015083	-0.003746	-0.107488
32.400000	0.502934	34.810158	-0.076183	0.015065	-0.003745	-0.107488
32.450000	0.502934	38.270694	-0.076183	0.015048	-0.003746	-0.107488
32.500000	0.502934	41.710511	-0.076183	0.015027	-0.003744	-0.107488
32.550000	0.502934	45.093156	-0.076183	0.015002	-0.003739	-0.107488
32.600000	0.502934	48.436480	-0.076183	0.014977	-0.003736	-0.107488
32.650000	0.502934	51.715716	-0.076183	0.014947	-0.003733	-0.107488
32.700000	0.502934	54.954769	-0.076183	0.014920	-0.003732	-0.107488
32.750000	0.502934	54.954769	-0.076183	0.014888	-0.003729	-0.108733
32.800000	0.502934	54.954769	-0.076183	0.014854	-0.003729	-0.109979
32.850000	0.502934	54.954769	-0.076183	0.014829	-0.003735	-0.111221
32.900000	0.502934	57.536429	-0.076183	0.014808	-0.003739	-0.111221
32.950000	0.502934	59.984209	-0.076183	0.014778	-0.003741	-0.111221
33.000000	0.502934	62.214201	-0.076183	0.014761	-0.003749	-0.111221
33.050000	0.502934	64.329858	-0.076183	0.014737	-0.003753	-0.111221
33.100000	0.502934	66.261936	-0.076183	0.014720	-0.003761	-0.111221
33.150000	0.502934	68.031905	-0.076183	0.014702	-0.003768	-0.111221
33.200000	0.502934	69.659847	-0.076183	0.014684	-0.003776	-0.111221
33.250000	0.502934	71.139320	-0.076183	0.014665	-0.003779	-0.111221
33.300000	0.502934	72.484441	-0.076183	0.014649	-0.003778	-0.111221
33.350000	0.502934	73.681118	-0.076183	0.014634	-0.003778	-0.111221
33.400000	0.502934	74.803074	-0.076183	0.014616	-0.003774	-0.111221
33.450000	0.502934	75.801849	-0.076183	0.014593	-0.003767	-0.111221
33.500000	0.502934	76.567706	-0.076183	0.014573	-0.003759	-0.111221
33.550000	0.502934	77.146238	-0.076183	0.014556	-0.003754	-0.111221
33.600000	0.502934	77.613233	-0.076183	0.014556	-0.003747	-0.111221
33.650000	0.502934	77.991516	-0.076183	0.014556	-0.003739	-0.111221
33.700000	0.502934	78.255642	-0.076183	0.014551	-0.003736	-0.111221
33.750000	0.502934	78.488182	-0.076183	0.014545	-0.003734	-0.111221
33.800000	0.502934	78.693676	-0.076183	0.014539	-0.003730	-0.111221
33.850000	0.502934	78.841820	-0.076183	0.014530	-0.003730	-0.111221
33.900000	0.502934	78.902058	-0.076183	0.014522	-0.003730	-0.111221
33.950000	0.502934	78.904919	-0.076183	0.014521	-0.003730	-0.111221
34.000000	0.502934	78.911298	-0.076183	0.014520	-0.003730	-0.111221
34.050000	0.502934	78.917938	-0.076183	0.014519	-0.003733	-0.111221
34.100000	0.502934	78.917938	-0.076183	0.014518	-0.003736	-0.111221
34.150000	0.502934	78.917938	-0.076183	0.014518	-0.003739	-0.111221
34.200000	0.502934	78.917938	-0.076183	0.014518	-0.003742	-0.111221
34.250000	0.502934	78.917938	-0.076183	0.014515	-0.003746	-0.111221
34.300000	0.502934	78.917938	-0.076183	0.014515	-0.003746	-0.111221
34.350000	0.502934	78.917938	-0.076183	0.014515	-0.003746	-0.111221
34.400000	0.502934	78.917938	-0.076183	0.014515	-0.003746	-0.112458
34.450000	0.502934	78.917938	-0.076183	0.014515	-0.003746	-0.113696
34.500000	0.502934	78.917938	-0.076183	0.014515	-0.003746	-0.114932
34.550000	0.502934	78.917938	-0.076183	0.014515	-0.003746	-0.116168
34.600000	0.502934	78.917938	-0.076183	0.014515	-0.003746	-0.117404
34.650000	0.502934	78.917938	-0.076183	0.014515	-0.003746	-0.118641
34.700000	0.502934	78.917938	-0.076183	0.014515	-0.003746	-0.119877
34.750000	0.502934	78.917938	-0.076183	0.014515	-0.003746	-0.119877
34.800000	0.502934	78.917938	-0.076183	0.014515	-0.003746	-0.119877
34.850000	0.502934	78.917938	-0.076183	0.014515	-0.003746	-0.119877
34.900000	0.502934	78.917938	-0.076183	0.014515	-0.003746	-0.119877
34.950000	0.502934	78.917938	-0.076183	0.014515	-0.003746	-0.119877
35.000000	0.502934	78.917938	-0.076183	0.014515	-0.003746	-0.119877
35.050000	0.502934	78.917938	-0.076183	0.014515	-0.003746	-0.119877
35.100000	0.502934	78.917938	-0.076183	0.014515	-0.003746	-0.119877
35.150000	0.502934	78.917938	-0.076183	0.014515	-0.003746	-0.119877
35.200000	0.502934	78.917938	-0.076183	0.014515	-0.003746	-0.119877
35.250000	0.502934	78.917938	-0.076183	0.014515	-0.003746	-0.119877
35.300000	0.502934	78.917938	-0.076183	0.014515	-0.003746	-0.119877
35.350000	0.502934	78.917938	-0.076183	0.014515	-0.003746	-0.119877
35.400000	0.502934	78.917938	-0.076183	0.014515	-0.003746	-0.119877
35.450000	0.502934	78.917938	-0.076183	0.014515	-0.003746	-0.119877
35.500000	0.502934	78.917938	-0.076183	0.014515	-0.003746	-0.119877
35.550000	0.502934	78.917938	-0.076183	0.014515	-0.003746	-0.119877
35.600000	0.502934	78.917938	-0.076183	0.014515	-0.003746	-0.119877
35.650000	0.502934	78.917938	-0.076183	0.014515	-0.003746	-0.119877
35.700000	0.502934	78.917938	-0.076183	0.014515	-0.003746	-0.119877
35.750000	0.502934	78.917938	-0.076183	0.014515	-0.003746	-0.119877
35.800000	0.502934	78.917938	-0.076183	0.014515	-0.003746	-0.119877
35.850000	0.502934	78.917938	-0.076183	0.014515	-0.003746	-0.119877
35.900000	0.502934	78.917938	-0.076183	0.014515	-0.003746	-0.119877
35.950000	0.502934	78.917938	-0.076183	0.014515	-0.003746	-0.119877
36.000000	0.502934	78.917938	-0.076183	0.014515	-0.003746	-0.119877
36.050000	0.502934	78.917938	-0.076183	0.014515	-0.003746	-0.119877
36.100000	0.502934	78.917938	-0.076183	0.014515	-0.003746	-0.119877
36.150000	0.502934	78.917938	-0.076183	0.014515	-0.003746	-0.119877
36.200000	0.502934	78.917938	-0.076183	0.014515	-0.003746	-0.119877
36.250000	0.502934	78.917938	-0.076183	0.014515	-0.003746	-0.119877
36.300000	0.502934	78.917938	-0.076183	0.014515	-0.003746	-0.119877
36.350000	0.502934	78.917938	-0.076183	0.014515	-0.003746	-0.119877
36.400000	0.502934	78.917938	-0.076183	0.014515	-0.003746	-0.119877
36.450000	0.502934	78.917938	-0.076183	0.014515	-0.003746	-0.119877
36.500000	0.502934	78.917938	-0.076183	0.014515	-0.003746	-0.119877
36.550000	0.502934	78.917938	-0.076183	0.014515	-0.003746	-0.119877
36.600000	0.502934	78.917938	-0.076183	0.014515	-0.003746	-0.119877
36.650000	0.502934	78.917938	-0.076183	0.014515	-0.003746	-0.119877
36.700000	0.502934	78.917938	-0.076183	0.014515	-0.003746	-0.119877
36.750000	0.502934	78.917938	-0.076183	0.014515	-0.003746	-0.119877
36.800000	0.502934	78.917938	-0.076183	0.014515	-0.003746	-0.119877
36.850000	0.502934	78.917938	-0.076183	0.014515	-0.003746	-0.119877
36.900000	0.502934	78.917938	-0.076183	0.014515	-0.003746	-0.119877
36.950000	0.502934	78.917938	-0.076183	0.014515	-0.003746	-0.119877
37.000000	0.502934	78.917938	-0.076183	0.014515	-0.003746	-0.119877
37.050000	0.502934	78.917938	-0.076183	0.014515	-0.003746	-0.119877
37.100000	0.502934	78.917938	-0.076183	0.014515	-0.003746	-0.119877
37.150000	0.502934	78.917938	-0.076183	0.014515	-0.003746	-0.119877
37.200000	0.502934	78.917938	-0.076183	0.014515	-0.003746	-0.119877
37.250000	0.502934	78.917938	-0.076183	0.014515	-0.003746	-0.119877
37.300000	0.502934	78.917938	-0.076183	0.014515	-0.003746	-0.119877
37.350000	0.502934	78.917938	-0.076183	0.014515	-0.003746	-0.119877
37.400000	0.502934	78.917938	-0.076183	0.014515	-0.003746	-0.119877
37.450000	0.502934	78.917938	-0.076183	0.014515	-0.003746	-0.119877
37.500000	0.502934	78.917938	-0.076183	0.014515	-0.003746	-0.119877
37.550000	0.502934	78.917938	-0.076183	0.014515	-0.003746	-0.119877
37.600000	0.502934	78.917938	-0.076183	0.014515	-0.003746	-0.119877
37.650000	0.502934	78.917938	-0.076183	0.014490	-0.003735	-0.119877
37.700000	0.502934	77.932990	-0.076183	0.014460	-0.003722	-0.119877
37.750000	0.502934	76.601965	-0.076183	0.014425	-0.003705	-0.119877
37.800000	0.502934	74.879546	-0.076183	0.014393	-0.003686	-0.119877
37.850000	0.502934	72.775429	-0.076183	0.014356	-0.003667	-0.119877
37.900000	0.502934	70.262129	-0.076183	0.014324	-0.003646	-0.119877
37.950000	0.502934	67.364390	-0.076183	0.014291	-0.003623	-0.119877
38.000000	0.502934	64.067037	-0.076183	0.014255	-0.003600	-0.119877
38.050000	0.502934	60.340377	-0.076183	0.014230	-0.003575	-0.119877
38.100000	0.502934	56.266146	-0.076183	0.014209	-0.003550	-0.119877
38.150000	0.502934	51.966498	-0.076183	0.014194	-0.003529	-0.119877
38.200000	0.502934	47.552881	-0.076183	0.014177	-0.003502	-0.119877
38.250000	0.502934	42.981796	-0.076183	0.014172	-0.003479	-0.119877
38.300000	0.502934	38.305765	-0.076183	0.014180	-0.003463	-0.119877
38.350000	0.502934	33.686496	-0.076183	0.014193	-0.003449	-0.119877
38.400000	0.502934	29.192489	-0.076183	0.014213	-0.003436	-0.119877
38.450000	0.502934	24.891094	-0.076183	0.014233	-0.003425	-0.119877
38.500000	0.502934	20.786064	-0.076183	0.014261	-0.003415	-0.119877
38.550000	0.502934	16.919403	-0.076183	0.014288	-0.003410	-0.119877
38.600000	0.502934	13.319572	-0.076183	0.014315	-0.003403	-0.119877
38.650000	0.502934	9.988764	-0.076183	0.014346	-0.003397	-0.119877
38.700000	0.502934	7.012515	-0.076183	0.014370	-0.003392	-0.119877
38.750000	0.502934	4.381583	-0.076183	0.014397	-0.003391	-0.119877
38.800000	0.502934	2.094078	-0.076183	0.014417	-0.003391	-0.119877
38.850000	0.502934	0.105086	-0.076183	0.014438	-0.003397	-0.119877
38.900000	0.502934	-1.555287	-0.076183	0.014451	-0.003400	-0.119877
38.950000	0.502934	-2.969689	-0.076183	0.014466	-0.003404	-0.119877
39.000000	0.502934	-4.157128	-0.076183	0.014480	-0.003408	-0.119877
39.050000	0.502934	-5.121884	-0.076183	0.014493	-0.003414	-0.119877
39.100000	0.502934	-5.889877	-0.076183	0.014503	-0.003420	-0.119877
39.150000	0.502934	-6.472013	-0.076183	0.014512	-0.003424	-0.119877
39.200000	0.502934	-6.879205	-0.076183	0.014515	-0.003424	-0.119877
39.250000	0.502934	-7.168594	-0.076183	0.014520	-0.003428	-0.119877
39.300000	0.502934	-7.326355	-0.076183	0.014524	-0.003428	-0.119877
39.350000	0.502934	-7.389494	-0.076183	0.014528	-0.003428	-0.119877
39.400000	0.502934	-7.396787	-0.076183	0.014528	-0.003428	-0.119877
39.450000	0.502934	-7.399967	-0.076183	0.014527	-0.003428	-0.119877
39.500000	0.502934	-7.404944	-0.076183	0.014528	-0.003428	-0.119877
39.550000	0.502934	-7.409470	-0.076183	0.014529	-0.003428	-0.119877
39.600000	0.502934	-7.412890	-0.076183	0.014529	-0.003428	-0.119877
39.650000	0.502934	-7.413770	-0.076183	0.014529	-0.003428	-0.119877
39.700000	0.502934	-7.413770	-0.076183	0.014529	-0.003428	-0.119877
39.750000	0.502934	-7.413770	-0.076183	0.014529	-0.003428	-0.119877
39.800000	0.502934	-7.413770	-0.076183	0.014529	-0.003428	-0.119877
39.850000	0.502934	-7.413770	-0.076183	0.014529	-0.003428	-0.119877
39.900000	0.502934	-7.413770	-0.076183	0.014529	-0.003428	-0.119877
39.950000	0.502934	-7.413770	-0.076183	0.014529	-0.003428	-0.119877
40.000000	0.502934	-7.413770	-0.076183	0.014529	-0.003428	-0.119877
40.050000	0.502934	-7.413770	-0.076183	0.014529	-0.003428	-0.119877
40.100000	0.502934	-7.413770	-0.076183	0.014529	-0.003428	-0.119877
40.150000	0.502934	-7.413770	-0.076183	0.014529	-0.003428	-0.119877
40.200000	0.502934	-7.413770	-0.076183	0.014529	-0.003428	-0.119877
40.250000	0.502934	-7.413770	-0.076183	0.014529	-0.003428	-0.119877
40.300000	0.502934	-7.413770	-0.076183	0.014529	-0.003428	-0.119877
40.350000	0.502934	-7.413770	-0.076183	0.014529	-0.003428	-0.119877
40.400000	0.502934	-7.413770	-0.076183	0.014529	-0.003428	-0.119877
40.450000	0.502934	-7.413770	-0.076183	0.014529	-0.003428	-0.119877
40.500000	0.502934	-7.413770	-0.076183	0.014529	-0.003428	-0.119877
40.550000	0.502934	-7.413770	-0.076183	0.014529	-0.003428	-0.119877
40.600000	0.502934	-7.413770	-0.076183	0.014529	-0.003428	-0.119877
40.650000	0.502934	-7.413770	-0.076183	0.014529	-0.003428	-0.119877
40.700000	0.502934	-7.413770	-0.076183	0.014529	-0.003428	-0.119877
40.750000	0.502934	-7.413770	-0.076183	0.014529	-0.003428	-0.119877
40.800000	0.502934	-7.413770	-0.076183	0.014529	-0.003428	-0.119877
40.850000	0.502934	-7.413770	-0.076183	0.014529	-0.003428	-0.119877
40.900000	0.502934	-7.413770	-0.076183	0.014529	-0.003428	-0.119877
40.950000	0.502934	-7.413770	-0.076183	0.014529	-0.003428	-0.119877
41.000000	0.502934	-7.413770	-0.076183	0.014529	-0.003428	-0.119877
41.050000	0.502934	-7.413770	-0.076183	0.014529	-0.003428	-0.119877
41.100000	0.502934	-7.413770	-0.076183	0.014529	-0.003428	-0.119877
41.150000	0.502934	-7.413770	-0.076183	0.014529	-0.003428	-0.119877
41.200000	0.502934	-7.413770	-0.076183	0.014529	-0.003428	-0.119877
41.250000	0.502934	-7.413770	-0.076183	0.014529	-0.003428	-0.119877
41.300000	0.502934	-7.413770	-0.076183	0.014529	-0.003428	-0.119877
41.350000	0.502934	-7.413770	-0.076183	0.014529	-0.003428	-0.119877
41.400000	0.502934	-7.413770	-0.076183	0.014529	-0.003428	-0.119877
41.450000	0.502934	-7.413770	-0.076183	0.014529	-0.003428	-0.119877
41.500000	0.502934	-7.413770	-0.076183	0.014529	-0.003428	-0.119877
41.550000	0.502934	-7.413770	-0.076183	0.014529	-0.003428	-0.119877
41.600000	0.502934	-7.413770	-0.076183	0.014529	-0.003428	-0.119877
41.650000	0.502934	-7.413770	-0.076183	0.014529	-0.003428	-0.119877
41.700000	0.502934	-7.413770	-0.076183	0.014529	-0.003428	-0.119877
41.750000	0.502934	-7.413770	-0.076183	0.014529	-0.003428	-0.119877
41.800000	0.502934	-7.413770	-0.076183	0.014529	-0.003428	-0.119877
41.850000	0.502934	-7.413770	-0.076183	0.014529	-0.003428	-0.119877
41.900000	0.502934	-7.413770	-0.076183	0.014529	-0.003428	-0.119877
41.950000	0.502934	-7.413770	-0.076183	0.014529	-0.003428	-0.119877
42.000000	0.502934	-7.413770	-0.076183	0.014529	-0.003428	-0.119877
42.050000	0.502934	-7.413770	-0.076183	0.014529	-0.003428	-0.119877
42.100000	0.502934	-7.413770	-0.076183	0.014529	-0.003428	-0.119877
42.150000	0.502934	-7.413770	-0.076183	0.014529	-0.003428	-0.119877
42.200000	0.502934	-7.413770	-0.076183	0.014529	-0.003428	-0.119877
42.250000	0.502934	-7.413770	-0.076183	0.014529	-0.003428	-0.119877
42.300000	0.502934	-7.413770	-0.076183	0.014529	-0.003428	-0.119877
42.350000	0.502934	-7.413770	-0.076183	0.014529	-0.003428	-0.119877
42.400000	0.502934	-7.413770	-0.076183	0.014529	-0.003428	-0.119877
42.450000	0.502934	-7.413770	-0.076183	0.014529	-0.003428	-0.119877
42.500000	0.502934	-7.413770	-0.076183	0.014529	-0.003428	-0.119877
42.550000	0.502934	-7.413770	-0.076183	0.014529	-0.003428	-0.119877
42.600000	0.502934	-7.413770	-0.076183	0.014529	-0.003428	-0.119877
42.650000	0.502934	-7.413770	-0.076183	0.014529	-0.003428	-0.119877
42.700000	0.502934	-7.413770	-0.076183	0.014529	-0.003428	-0.119877
42.750000	0.502934	-7.413770	-0.076183	0.014529	-0.003428	-0.119877
42.800000	0.502934	-7.413770	-0.076183	0.014529	-0.003428	-0.119877
42.850000	0.502934	-7.413770	-0.076183	0.014529	-0.003428	-0.119877
42.900000	0.502934	-7.413770	-0.076183	0.014529	-0.003428	-0.119877
42.950000	0.502934	-7.413770	-0.076183	0.014529	-0.003428	-0.119877
43.000000	0.502934	-7.413770	-0.076183	0.014529	-0.003428	-0.119877
43.050000	0.502934	-7.413770	-0.076183	0.014529	-0.003428	-0.119877
43.100000	0.502934	-7.413770	-0.076183	0.014515	-0.003428	-0.119877
43.150000	0.502934	-7.413770	-0.076183	0.014499	-0.003443	-0.119877
43.200000	0.502934	-7.413770	-0.076183	0.014479	-0.003470	-0.121125
43.250000	0.502934	-7.413770	-0.076183	0.014456	-0.003517	-0.122373
43.300000	0.502934	-7.413770	1.059696	0.014423	-0.003517	-0.123621
43.350000	0.502934	-7.413770	2.546665	0.014383	-0.003517	-0.124869
43.400000	0.502934	-7.413770	4.476614	0.014325	-0.003517	-0.126109
43.450000	0.502934	-7.413770	6.842518	0.014254	-0.003517	-0.127333
43.500000	0.502934	-7.413770	9.616676	0.014168	-0.003517	-0.128540
43.550000	0.502934	-7.413770	12.827364	0.014075	-0.003517	-0.129716
43.600000	0.502934	-7.413770	16.482190	0.013976	-0.003517	-0.130861
43.650000	0.502934	-7.413770	20.552496	0.013876	-0.003517	-0.131963
43.700000	0.502934	-7.413770	24.969272	0.013773	-0.003517	-0.133012
43.750000	0.502934	-7.413770	29.651409	0.013672	-0.003517	-0.133012
43.800000	0.502934	-7.413770	34.503029	0.013572	-0.003517	-0.133012
43.850000	0.502934	-7.413770	39.387890	0.013472	-0.003517	-0.133012
43.900000	0.502934	-7.413770	44.201569	0.013368	-0.003517	-0.133012
43.950000	0.502934	-7.413770	48.911595	0.013266	-0.003517	-0.133012
44.000000	0.502934	-7.413770	53.448157	0.013168	-0.003517	-0.133012
44.050000	0.502934	-7.413770	57.622745	0.013078	-0.003517	-0.133012
44.100000	0.502934	-7.413770	61.475157	0.012996	-0.003517	-0.133012
44.150000	0.502934	-7.413770	65.054652	0.012921	-0.003517	-0.133012
44.200000	0.502934	-7.413770	68.335440	0.012852	-0.003517	-0.133012
44.250000	0.502934	-7.413770	71.276299	0.012783	-0.003517	-0.133012
44.300000	0.502934	-7.413770	73.942277	0.012716	-0.003517	-0.133012
44.350000	0.502934	-7.413770	76.402611	0.012658	-0.003517	-0.133012
44.400000	0.502934	-7.413770	78.586212	0.012601	-0.003517	-0.133012
44.450000	0.502934	-7.413770	80.475693	0.012543	-0.003517	-0.133012
44.500000	0.502934	-7.413770	82.129849	0.012481	-0.003517	-0.133012
44.550000	0.502934	-7.413770	83.610476	0.012425	-0.003517	-0.133012
44.600000	0.502934	-7.413770	84.866846	0.012372	-0.003517	-0.133012
44.650000	0.502934	-7.413770	85.915937	0.012320	-0.003517	-0.133012
44.700000	0.502934	-7.413770	86.858962	0.012273	-0.003517	-0.133012
44.750000	0.502934	-7.413770	87.685201	0.012229	-0.003517	-0.133012
44.800000	0.502934	-7.413770	88.360842	0.012187	-0.003517	-0.133012
44.850000	0.502934	-7.413770	88.894264	0.012144	-0.003517	-0.133012
44.900000	0.502934	-7.413770	89.306877	0.012103	-0.003517	-0.133012
44.950000	0.502934	-7.413770	89.559456	0.012063	-0.003517	-0.133012
45.000000	0.502934	-7.413770	89.637561	0.012016	-0.003517	-0.132956
45.050000	0.502934	-7.413770	89.643546	0.011967	-0.003517	-0.132906
45.100000	0.502934	-7.413770	89.604631	0.011918	-0.003517	-0.132854
45.150000	0.502934	-7.413770	89.524549	0.011873	-0.003517	-0.132806
45.200000	0.502934	-7.413770	89.418489	0.011826	-0.003517	-0.132764
45.250000	0.502934	-7.413770	89.336806	0.011826	-0.003517	-0.132723
45.300000	0.502934	-7.413770	89.289927	0.011826	-0.003517	-0.132683
45.350000	0.502934	-7.413770	89.263220	0.011826	-0.003517	-0.132642
45.400000	0.502934	-7.413770	89.263220	0.011826	-0.003517	-0.132603
45.450000	0.502934	-7.413770	89.263220	0.011826	-0.003517	-0.132564
45.500000	0.502934	-7.413770	89.263220	0.011826	-0.003517	-0.132528
45.550000	0.502934	-7.413770	89.263220	0.011826	-0.003517	-0.132493
45.600000	0.502934	-7.413770	89.263220	0.011826	-0.003517	-0.132459
45.650000	0.502934	-7.413770	89.263220	0.011826	-0.003517	-0.132422
45.700000	0.502934	-7.413770	89.263220	0.011826	-0.003517	-0.132386
45.750000	0.502934	-7.413770	89.263220	0.011826	-0.003517	-0.132350
45.800000	0.502934	-7.413770	89.263220	0.011826	-0.003517	-0.132350
45.850000	0.502934	-7.413770	89.263220	0.011826	-0.003517	-0.132350
45.900000	0.502934	-7.413770	89.263220	0.011826	-0.003517	-0.132350
45.950000	0.502934	-7.413770	89.263220	0.011826	-0.003517	-0.132326
46.000000	0.502934	-7.413770	89.263220	0.011826	-0.003517	-0.132301
46.050000	0.502934	-7.413770	89.263220	0.011826	-0.003517	-0.132278
46.100000	0.502934	-7.413770	89.263220	0.011826	-0.003517	-0.132256
46.150000	0.502934	-7.413770	89.263220	0.011826	-0.003517	-0.132235
46.200000	0.502934	-7.413770	89.263220	0.011826	-0.003517	-0.132215
46.250000	0.502934	-7.413770	89.263220	0.011826	-0.003517	-0.132196
46.300000	0.502934	-7.413770	89.263220	0.011826	-0.003517	-0.132180
46.350000	0.502934	-7.413770	89.263220	0.011826	-0.003517	-0.132163
46.400000	0.502934	-7.413770	89.263220	0.011826	-0.003517	-0.132144
46.450000	0.502934	-7.413770	89.263220	0.011826	-0.003517	-0.132124
46.500000	0.502934	-7.413770	89.263220	0.011826	-0.003517	-0.132124
46.550000	0.502934	-7.413770	89.263220	0.011826	-0.003517	-0.132124
46.600000	0.502934	-7.413770	89.263220	0.011826	-0.003517	-0.132124
46.650000	0.502934	-7.413770	89.263220	0.011826	-0.003517	-0.132124
46.700000	0.502934	-7.413770	89.263220	0.011826	-0.003517	-0.132124
46.750000	0.502934	-7.413770	89.263220	0.011826	-0.003517	-0.132124
46.800000	0.502934	-7.413770	89.263220	0.011826	-0.003517	-0.132124
46.850000	0.502934	-7.413770	89.263220	0.011826	-0.003517	-0.132124
46.900000	0.502934	-7.413770	89.263220	0.011826	-0.003517	-0.132124
46.950000	0.502934	-7.413770	89.263220	0.011826	-0.003517	-0.132124
47.000000	0.502934	-7.413770	89.263220	0.011826	-0.003517	-0.132124
47.050000	0.502934	-7.413770	89.263220	0.011826	-0.003517	-0.132124
47.100000	0.502934	-7.413770	89.263220	0.011826	-0.003517	-0.132124
47.150000	0.502934	-7.413770	89.263220	0.011826	-0.003517	-0.132124
47.200000	0.502934	-7.413770	89.263220	0.011826	-0.003517	-0.132124
47.250000	0.502934	-7.413770	89.263220	0.011826	-0.003517	-0.132124
47.300000	0.502934	-7.413770	89.263220	0.011826	-0.003517	-0.132124
47.350000	0.502934	-7.413770	89.263220	0.011826	-0.003517	-0.132124
47.400000	0.502934	-7.413770	89.263220	0.011826	-0.003517	-0.132124
47.450000	0.502934	-7.413770	89.263220	0.011826	-0.003517	-0.132124
47.500000	0.502934	-7.413770	89.263220	0.011826	-0.003517	-0.132124
47.550000	0.502934	-7.413770	89.263220	0.011826	-0.003517	-0.132124
47.600000	0.502934	-7.413770	89.263220	0.011826	-0.003517	-0.132124
47.650000	0.502934	-7.413770	89.263220	0.011826	-0.003517	-0.132124
47.700000	0.502934	-7.413770	89.263220	0.011826	-0.003517	-0.132124
47.750000	0.502934	-7.413770	89.263220	0.011826	-0.003517	-0.132124
47.800000	0.502934	-7.413770	89.263220	0.011826	-0.003517	-0.132124
47.850000	0.502934	-7.413770	89.263220	0.011826	-0.003517	-0.132124
47.900000	0.502934	-7.413770	89.263220	0.011826	-0.003517	-0.132124
47.950000	0.502934	-7.413770	89.263220	0.011826	-0.003517	-0.132124
48.000000	0.502934	-7.413770	89.263220	0.011826	-0.003517	-0.132124
48.050000	0.502934	-7.413770	89.263220	0.011826	-0.003517	-0.132124
48.100000	0.502934	-7.413770	89.263220	0.011826	-0.003517	-0.132124
48.150000	0.502934	-7.413770	89.263220	0.011826	-0.003517	-0.132124
48.200000	0.502934	-7.413770	89.263220	0.011826	-0.003517	-0.132099
48.250000	0.502934	-7.413770	89.263220	0.011826	-0.003517	-0.132079
48.300000	0.502934	-7.413770	89.263220	0.011826	-0.003517	-0.132074
48.350000	0.502934	-7.413770	89.263220	0.011826	-0.003517	-0.132085
48.400000	0.502934	-7.413770	88.450193	0.011826	-0.003517	-0.132109
48.450000	0.502934	-7.413770	87.489077	0.011826	-0.003517	-0.132152
48.500000	0.502934	-7.413770	86.356560	0.011826	-0.003517	-0.132217
48.550000	0.502934	-7.413770	85.026054	0.011826	-0.003517	-0.132307
48.600000	0.502934	-7.413770	83.454761	0.011826	-0.003517	-0.132428
48.650000	0.502934	-7.413770	81.606369	0.011826	-0.003517	-0.132589
48.700000	0.502934	-7.413770	79.481630	0.011826	-0.003517	-0.132790
48.750000	0.502934	-7.413770	77.056003	0.011826	-0.003517	-0.132790
48.800000	0.502934	-7.413770	74.337737	0.011826	-0.003517	-0.132790
48.850000	0.502934	-7.413770	71.354743	0.011826	-0.003517	-0.132790
48.900000	0.502934	-7.413770	68.115411	0.011770	-0.003517	-0.132790
48.950000	0.502934	-7.413770	64.661269	0.011713	-0.003517	-0.132790
49.000000	0.502934	-7.413770	60.959115	0.011653	-0.003517	-0.132790
49.050000	0.502934	-7.413770	57.030518	0.011592	-0.003517	-0.132790
49.100000	0.502934	-7.413770	52.895826	0.011531	-0.003517	-0.132790
49.150000	0.502934	-7.413770	48.626688	0.011469	-0.003517	-0.132790
49.200000	0.502934	-7.413770	44.255267	0.011403	-0.003517	-0.132790
49.250000	0.502934	-7.413770	39.860434	0.011336	-0.003517	-0.132790
49.300000	0.502934	-7.413770	35.533954	0.011268	-0.003517	-0.132790
49.350000	0.502934	-7.413770	31.315671	0.011199	-0.003517	-0.132790
49.400000	0.502934	-7.413770	27.263445	0.011131	-0.003517	-0.132790
49.450000	0.502934	-7.413770	23.404961	0.011065	-0.003517	-0.132790
49.500000	0.502934	-7.413770	19.809929	0.011002	-0.003517	-0.132790
49.550000	0.502934	-7.413770	16.546419	0.010941	-0.003517	-0.132790
49.600000	0.502934	-7.413770	13.639797	0.010941	-0.003517	-0.132790
49.650000	0.502934	-7.413770	11.089952	0.010889	-0.003517	-0.132790
49.700000	0.502934	-7.413770	8.892218	0.010839	-0.003517	-0.132790
49.750000	0.502934	-7.413770	7.038250	0.010793	-0.003517	-0.132790
49.800000	0.502934	-7.413770	5.480353	0.010751	-0.003517	-0.132790
49.850000	0.502934	-7.413770	4.215028	0.010718	-0.003517	-0.132790
49.900000	0.502934	-7.413770	3.218217	0.010689	-0.003517	-0.132790
49.950000	0.502934	-7.413770	2.430773	0.010667	-0.003517	-0.134039
50.000000	0.502934	-7.413770	1.823318	0.010648	-0.003517	-0.135285
50.050000	0.502934	-7.413770	1.387061	0.010634	-0.003517	-0.136532
50.100000	0.502934	-7.413770	1.108295	0.010623	-0.003517	-0.137774
50.150000	0.502934	-7.413770	0.931697	0.010616	-0.003517	-0.139015
50.200000	0.502934	-7.413770	0.819671	0.010615	-0.003517	-0.140260
50.250000	0.502934	-7.413770	0.743120	0.010618	-0.003517	-0.141505
50.300000	0.502934	-7.413770	0.706218	0.010616	-0.003517	-0.142741
50.350000	0.502934	-7.413770	0.679389	0.010616	-0.003517	-0.143979
50.400000	0.502934	-7.413770	0.662349	0.010616	-0.003517	-0.145216
50.450000	0.502934	-7.413770	0.658541	0.010617	-0.003517	-0.146454
50.500000	0.502934	-7.413770	0.657467	0.010618	-0.003517	-0.147693
50.550000	0.502934	-7.413770	0.657467	0.010619	-0.003518	-0.148932
50.600000	0.502934	-7.413770	0.657467	0.010621	-0.003520	-0.148932
50.650000	0.502934	-7.413770	0.657467	0.010622	-0.003521	-0.148932
50.700000	0.502934	-7.413770	0.657467	0.010624	-0.003521	-0.148932
50.750000	0.502934	-7.413770	0.657467	0.010624	-0.003521	-0.148932
50.800000	0.502934	-7.413770	0.657467	0.010624	-0.003521	-0.148932
50.850000	0.502934	-7.413770	0.657467	0.010624	-0.003521	-0.148932
50.900000	0.502934	-7.413770	0.657467	0.010624	-0.003521	-0.148932
50.950000	0.502934	-7.413770	0.657467	0.010624	-0.003521	-0.148932
51.000000	0.502934	-7.413770	0.657467	0.010624	-0.003521	-0.148932
51.050000	0.502934	-7.413770	0.657467	0.010624	-0.003521	-0.148932
51.100000	0.502934	-7.413770	0.657467	0.010624	-0.003521	-0.148932
51.150000	0.502934	-7.413770	0.657467	0.010624	-0.003521	-0.148932
51.200000	0.502934	-7.413770	0.657467	0.010624	-0.003521	-0.148932
51.250000	0.502934	-7.413770	0.657467	0.010624	-0.003521	-0.148932
51.300000	0.502934	-7.413770	0.657467	0.010624	-0.003521	-0.148932
51.350000	0.502934	-7.413770	0.657467	0.010624	-0.003521	-0.148932
51.400000	0.502934	-7.413770	0.657467	0.010624	-0.003521	-0.148932
51.450000	0.502934	-7.413770	0.657467	0.010624	-0.003521	-0.148932
51.500000	0.502934	-7.413770	0.657467	0.010624	-0.003521	-0.148932
51.550000	0.502934	-7.413770	0.657467	0.010624	-0.003521	-0.148932
51.600000	0.502934	-7.413770	0.657467	0.010624	-0.003521	-0.148932
51.650000	0.502934	-7.413770	0.657467	0.010624	-0.003521	-0.148932
51.700000	0.502934	-7.413770	0.657467	0.010624	-0.003521	-0.148932
51.750000	0.502934	-7.413770	0.657467	0.010624	-0.003521	-0.148932
51.800000	0.502934	-7.413770	0.657467	0.010624	-0.003521	-0.148932
51.850000	0.502934	-7.413770	0.657467	0.010624	-0.003521	-0.148932
51.900000	0.502934	-7.413770	0.657467	0.010624	-0.003521	-0.148932
51.950000	0.502934	-7.413770	0.657467	0.010624	-0.003521	-0.148932
52.000000	0.502934	-7.413770	0.657467	0.010624	-0.003521	-0.148932
52.050000	0.502934	-7.413770	0.657467	0.010624	-0.003521	-0.148932
52.100000	0.502934	-7.413770	0.657467	0.010624	-0.003521	-0.148932
52.150000	0.502934	-7.413770	0.657467	0.010624	-0.003521	-0.148932
52.200000	0.502934	-7.413770	0.657467	0.010624	-0.003521	-0.148932
52.250000	0.502934	-7.413770	0.657467	0.010624	-0.003521	-0.148932
52.300000	0.502934	-7.413770	0.657467	0.010624	-0.003521	-0.148932
52.350000	0.502934	-7.413770	0.657467	0.010624	-0.003521	-0.148932
52.400000	0.502934	-7.413770	0.657467	0.010624	-0.003521	-0.148932
52.450000	0.502934	-7.413770	0.657467	0.010624	-0.003521	-0.148932
52.500000	0.502934	-7.413770	0.657467	0.010624	-0.003521	-0.148932
52.550000	0.502934	-7.413770	0.657467	0.010624	-0.003521	-0.148932
52.600000	0.502934	-7.413770	0.657467	0.010624	-0.003521	-0.148932
52.650000	0.502934	-7.413770	0.657467	0.010624	-0.003521	-0.148932
52.700000	0.502934	-7.413770	0.657467	0.010624	-0.003521	-0.148932
52.750000	0.502934	-7.413770	0.657467	0.010624	-0.003521	-0.148932
52.800000	0.502934	-7.413770	0.657467	0.010624	-0.003521	-0.148932
52.850000	0.502934	-7.413770	0.657467	0.010624	-0.003521	-0.148932
52.900000	0.502934	-7.413770	0.657467	0.010624	-0.003521	-0.148932
52.950000	0.502934	-7.413770	0.657467	0.010624	-0.003521	-0.148932
53.000000	0.502934	-7.413770	0.657467	0.010624	-0.003521	-0.148932
53.050000	0.502934	-7.413770	0.657467	0.010624	-0.003521	-0.148932
53.100000	0.502934	-7.413770	0.657467	0.010624	-0.003521	-0.148932
53.150000	0.502934	-7.413770	0.657467	0.010624	-0.003521	-0.148932
53.200000	0.502934	-7.413770	0.657467	0.010624	-0.003521	-0.148932
53.250000	0.502934	-7.413770	0.657467	0.010624	-0.003521	-0.148932
53.300000	0.502934	-7.413770	0.657467	0.010624	-0.003521	-0.148932
53.350000	0.502934	-7.413770	0.657467	0.010643	-0.003521	-0.148932
53.400000	0.502934	-7.413770	0.657467	0.010675	-0.003521	-0.148932
53.450000	0.502934	-7.413770	0.657467	0.010724	-0.003521	-0.148932
53.500000	1.736097	-7.413770	0.657467	0.010724	-0.003521	-0.148932
53.550000	3.477143	-7.413770	0.657467	0.010724	-0.003521	-0.148932
53.600000	5.735582	-7.413770	0.657467	0.010724	-0.003521	-0.150143
53.650000	8.448857	-7.413770	0.657467	0.010724	-0.003521	-0.151335
53.700000	11.509910	-7.413770	0.657467	0.010724	-0.003521	-0.152503
53.750000	14.940275	-7.413770	0.657467	0.010724	-0.003521	-0.153642
53.800000	18.577562	-7.413770	0.657467	0.010724	-0.003521	-0.154744
53.850000	22.437391	-7.413770	0.657467	0.010724	-0.003521	-0.155809
53.900000	26.637533	-7.413770	0.657467	0.010724	-0.003521	-0.156829
53.950000	31.166212	-7.413770	0.657467	0.010724	-0.003521	-0.156829
54.000000	35.915138	-7.413770	0.657467	0.010724	-0.003521	-0.156829
54.050000	40.981529	-7.413770	0.657467	0.010724	-0.003521	-0.156829
54.100000	46.270750	-7.413770	0.657467	0.010724	-0.003521	-0.156829
54.150000	51.645229	-7.413770	0.657467	0.010724	-0.003521	-0.156829
54.200000	56.915178	-7.413770	0.657467	0.010724	-0.003521	-0.156829
54.250000	61.987262	-7.413770	0.657467	0.010724	-0.003513	-0.156829
54.300000	66.778192	-7.413770	0.657467	0.010724	-0.003506	-0.156829
54.350000	71.167354	-7.413770	0.657467	0.010724	-0.003495	-0.156829
54.400000	75.158410	-7.413770	0.657467	0.010724	-0.003484	-0.156829
54.450000	78.888030	-7.413770	0.657467	0.010724	-0.003474	-0.156829
54.500000	82.315600	-7.413770	0.657467	0.010724	-0.003467	-0.156829
54.550000	85.317832	-7.413770	0.657467	0.010724	-0.003462	-0.156829
54.600000	87.933046	-7.413770	0.657467	0.010724	-0.003456	-0.156829
54.650000	90.235430	-7.413770	0.657467	0.010724	-0.003450	-0.156829
54.700000	92.011456	-7.413770	0.657467	0.010724	-0.003444	-0.156829
54.750000	93.278376	-7.413770	0.657467	0.010724	-0.003444	-0.156829
54.800000	94.065021	-7.413770	0.657467	0.010724	-0.003444	-0.156829
54.850000	94.447524	-7.413770	0.657467	0.010724	-0.003444	-0.156829
54.900000	94.504735	-7.413770	0.657467	0.010724	-0.003444	-0.156829
54.950000	94.380671	-7.413770	0.657467	0.010724	-0.003444	-0.156829
55.000000	94.289946	-7.413770	0.657467	0.010724	-0.003444	-0.156829
55.050000	94.215471	-7.413770	0.657467	0.010724	-0.003444	-0.156829
55.100000	94.174547	-7.413770	0.657467	0.010724	-0.003444	-0.156829
55.150000	94.165907	-7.413770	0.657467	0.010724	-0.003444	-0.156669
55.200000	94.193209	-7.413770	0.657467	0.010724	-0.003444	-0.156508
55.250000	94.211554	-7.413770	0.657467	0.010724	-0.003444	-0.156347
55.300000	94.202068	-7.413770	0.657467	0.010724	-0.003444	-0.156186
55.350000	94.176793	-7.413770	0.657467	0.010724	-0.003444	-0.156027
55.400000	94.176793	-7.413770	0.657467	0.010724	-0.003444	-0.155867
55.450000	94.176793	-7.413770	0.657467	0.010724	-0.003444	-0.155708
55.500000	94.176793	-7.413770	0.657467	0.010724	-0.003444	-0.155550
55.550000	94.176793	-7.413770	0.657467	0.010724	-0.003444	-0.155550
55.600000	94.176793	-7.413770	0.657467	0.010724	-0.003444	-0.155550
55.650000	94.176793	-7.413770	0.657467	0.010724	-0.003444	-0.155550
55.700000	94.176793	-7.413770	0.657467	0.010724	-0.003444	-0.155550
55.750000	94.176793	-7.413770	0.657467	0.010724	-0.003444	-0.155550
55.800000	94.176793	-7.413770	0.657467	0.010724	-0.003444	-0.155550
55.850000	94.176793	-7.413770	0.657467	0.010724	-0.003444	-0.155550
55.900000	94.176793	-7.413770	0.657467	0.010724	-0.003444	-0.155550
55.950000	94.176793	-7.413770	0.657467	0.010724	-0.003444	-0.155550
56.000000	94.176793	-7.413770	0.657467	0.010724	-0.003444	-0.155550
56.050000	94.176793	-7.413770	0.657467	0.010724	-0.003444	-0.155550
56.100000	94.176793	-7.413770	0.657467	0.010724	-0.003444	-0.155550
56.150000	94.176793	-7.413770	0.657467	0.010724	-0.003444	-0.155550
56.200000	94.176793	-7.413770	0.657467	0.010724	-0.003444	-0.155550
56.250000	94.176793	-7.413770	0.657467	0.010724	-0.003444	-0.155550
56.300000	94.176793	-7.413770	0.657467	0.010724	-0.003444	-0.155550
56.350000	94.176793	-7.413770	0.657467	0.010724	-0.003444	-0.155550
56.400000	94.176793	-7.413770	0.657467	0.010724	-0.003444	-0.155550
56.450000	94.176793	-7.413770	0.657467	0.010724	-0.003444	-0.155550
56.500000	94.176793	-7.413770	0.657467	0.010724	-0.003444	-0.155550
56.550000	94.176793	-7.413770	0.657467	0.010724	-0.003444	-0.155550
56.600000	94.176793	-7.413770	0.657467	0.010724	-0.003444	-0.155550
56.650000	94.176793	-7.413770	0.657467	0.010724	-0.003444	-0.155550
56.700000	94.176793	-7.413770	0.657467	0.010724	-0.003444	-0.155550
56.750000	94.176793	-7.413770	0.657467	0.010724	-0.003444	-0.155550
56.800000	94.176793	-7.413770	0.657467	0.010724	-0.003444	-0.155550
56.850000	94.176793	-7.413770	0.657467	0.010724	-0.003444	-0.155550
56.900000	94.176793	-7.413770	0.657467	0.010724	-0.003444	-0.155550
56.950000	94.176793	-7.413770	0.657467	0.010724	-0.003444	-0.155550
57.000000	94.176793	-7.413770	0.657467	0.010724	-0.003444	-0.155550
57.050000	94.176793	-7.413770	0.657467	0.010724	-0.003444	-0.155550
57.100000	94.176793	-7.413770	0.657467	0.010724	-0.003444	-0.155550
57.150000	94.176793	-7.413770	0.657467	0.010724	-0.003444	-0.155550
57.200000	94.176793	-7.413770	0.657467	0.010724	-0.003444	-0.155550
57.250000	94.176793	-7.413770	0.657467	0.010724	-0.003444	-0.155550
57.300000	94.176793	-7.413770	0.657467	0.010724	-0.003444	-0.155550
57.350000	94.176793	-7.413770	0.657467	0.010724	-0.003444	-0.155550
57.400000	94.176793	-7.413770	0.657467	0.010724	-0.003444	-0.155550
57.450000	94.176793	-7.413770	0.657467	0.010724	-0.003444	-0.155550
57.500000	94.176793	-7.413770	0.657467	0.010724	-0.003444	-0.155550
57.550000	94.176793	-7.413770	0.657467	0.010724	-0.003444	-0.155550
57.600000	94.176793	-7.413770	0.657467	0.010724	-0.003444	-0.155550
57.650000	94.176793	-7.413770	0.657467	0.010724	-0.003444	-0.155550
57.700000	94.176793	-7.413770	0.657467	0.010724	-0.003444	-0.155550
57.750000	94.176793	-7.413770	0.657467	0.010724	-0.003444	-0.155550
57.800000	94.176793	-7.413770	0.657467	0.010724	-0.003444	-0.155550
57.850000	94.176793	-7.413770	0.657467	0.010724	-0.003444	-0.155404
57.900000	94.176793	-7.413770	0.657467	0.010724	-0.003444	-0.155259
57.950000	94.176793	-7.413770	0.657467	0.010724	-0.003444	-0.155116
58.000000	94.176793	-7.413770	0.657467	0.010724	-0.003444	-0.154974
58.050000	94.176793	-7.413770	0.657467	0.010724	-0.003444	-0.154833
58.100000	94.176793	-7.413770	0.657467	0.010724	-0.003444	-0.154692
58.150000	94.176793	-7.413770	0.657467	0.010724	-0.003444	-0.154552
58.200000	94.176793	-7.413770	0.657467	0.010724	-0.003444	-0.154414
58.250000	94.176793	-7.413770	0.657467	0.010724	-0.003444	-0.154275
58.300000	94.176793	-7.413770	0.657467	0.010724	-0.003444	-0.154139
58.350000	94.176793	-7.413770	0.657467	0.010724	-0.003444	-0.154010
58.400000	94.176793	-7.413770	0.657467	0.010724	-0.003444	-0.153891
58.450000	94.176793	-7.413770	0.657467	0.010724	-0.003444	-0.153786
58.500000	94.176793	-7.413770	0.657467	0.010724	-0.003444	-0.153698
58.550000	93.076210	-7.413770	0.657467	0.010724	-0.003444	-0.153634
58.600000	91.651620	-7.413770	0.657467	0.010724	-0.003444	-0.153604
58.650000	89.920727	-7.413770	0.657467	0.010724	-0.003444	-0.153613
58.700000	87.838949	-7.413770	0.657467	0.010724	-0.003444	-0.153664
58.750000	85.356280	-7.413770	0.657467	0.010724	-0.003444	-0.153768
58.800000	82.503645	-7.413770	0.657467	0.010724	-0.003444	-0.153768
58.850000	79.524389	-7.413770	0.657467	0.010724	-0.003444	-0.153768
58.900000	76.436658	-7.413770	0.657467	0.010724	-0.003444	-0.153768
58.950000	73.216112	-7.413770	0.657467	0.010724	-0.003444	-0.153768
59.000000	69.847337	-7.413770	0.657467	0.010724	-0.003444	-0.153768
59.050000	66.351262	-7.413770	0.657467	0.010724	-0.003444	-0.153768
59.100000	62.731150	-7.413770	0.657467	0.010724	-0.003444	-0.153768
59.150000	58.887507	-7.413770	0.657467	0.010724	-0.003444	-0.153768
59.200000	54.808359	-7.413770	0.657467	0.010724	-0.003444	-0.153768
59.250000	50.593950	-7.413770	0.657467	0.010724	-0.003444	-0.153768
59.300000	46.253068	-7.413770	0.657467	0.010724	-0.003444	-0.153768
59.350000	41.750939	-7.413770	0.657467	0.010724	-0.003444	-0.153768
59.400000	37.298447	-7.413770	0.657467	0.010724	-0.003453	-0.153768
59.450000	33.031791	-7.413770	0.657467	0.010724	-0.003460	-0.153768
59.500000	28.839801	-7.413770	0.657467	0.010724	-0.003466	-0.153768
59.550000	24.755969	-7.413770	0.657467	0.010724	-0.003470	-0.153768
59.600000	20.870051	-7.413770	0.657467	0.010724	-0.003476	-0.153768
59.650000	17.445776	-7.413770	0.657467	0.010724	-0.003484	-0.153768
59.700000	14.281083	-7.413770	0.657467	0.010724	-0.003490	-0.153768
59.750000	11.426061	-7.413770	0.657467	0.010724	-0.003490	-0.153768
59.800000	9.009627	-7.413770	0.657467	0.010724	-0.003490	-0.153768
59.850000	7.106193	-7.413770	0.657467	0.010724	-0.003490	-0.153768
59.900000	5.646221	-7.413770	0.657467	0.010724	-0.003490	-0.153768
59.950000	4.618457	-7.413770	0.657467	0.010724	-0.003490	-0.153768
60.000000	4.102787	-7.413770	0.657467	0.010724	-0.003485	-0.153768
60.050000	3.946988	-7.413770	0.657467	0.010724	-0.003481	-0.153768
60.100000	3.986035	-7.413770	0.657467	0.010724	-0.003476	-0.155011
60.150000	4.104031	-7.413770	0.657467	0.010724	-0.003472	-0.156253
60.200000	4.270077	-7.413770	0.657467	0.010724	-0.003471	-0.157497
60.250000	4.455509	-7.413770	0.657467	0.010724	-0.003468	-0.158748
60.300000	4.449565	-7.413770	0.657467	0.010724	-0.003462	-0.159986
60.350000	4.445459	-7.413770	0.657467	0.010724	-0.003455	-0.161224
60.400000	4.442139	-7.413770	0.657467	0.010724	-0.003449	-0.162463
60.450000	4.436693	-7.413770	0.657467	0.010724	-0.003449	-0.163702
60.500000	4.432572	-7.413770	0.657467	0.010724	-0.003449	-0.164940
60.550000	4.428722	-7.413770	0.657467	0.010724	-0.003449	-0.166179
60.600000	4.428722	-7.413770	0.657467	0.010742	-0.003449	-0.166179
60.650000	4.428722	-7.413770	0.657467	0.010760	-0.003449	-0.166179
60.700000	4.428722	-7.413770	0.657467	0.010778	-0.003449	-0.166179
60.750000	4.428722	-7.413770	0.657467	0.010796	-0.003449	-0.166179
60.800000	4.428722	-7.413770	0.657467	0.010813	-0.003449	-0.166179
60.850000	4.428722	-7.413770	0.657467	0.010831	-0.003449	-0.166179
60.900000	4.428722	-7.413770	0.657467	0.010831	-0.003449	-0.166179
60.950000	4.428722	-7.413770	0.657467	0.010831	-0.003449	-0.166179
61.000000	4.428722	-7.413770	0.657467	0.010831	-0.003449	-0.166179
61.050000	4.428722	-7.413770	0.657467	0.010831	-0.003449	-0.166179
61.100000	4.428722	-7.413770	0.657467	0.010831	-0.003449	-0.166179
61.150000	4.428722	-7.413770	0.657467	0.010831	-0.003449	-0.166179
61.200000	4.428722	-7.413770	0.657467	0.010831	-0.003449	-0.166179
61.250000	4.428722	-7.413770	0.657467	0.010831	-0.003449	-0.166179
61.300000	4.428722	-7.413770	0.657467	0.010831	-0.003449	-0.166179
61.350000	4.428722	-7.413770	0.657467	0.010831	-0.003449	-0.166179
61.400000	4.428722	-7.413770	0.657467	0.010831	-0.003449	-0.166179
61.450000	4.428722	-7.413770	0.657467	0.010831	-0.003449	-0.166179
61.500000	4.428722	-7.413770	0.657467	0.010831	-0.003449	-0.166179
61.550000	4.428722	-7.413770	0.657467	0.010831	-0.003449	-0.166179
61.600000	4.428722	-7.413770	0.657467	0.010831	-0.003449	-0.166179
61.650000	4.428722	-7.413770	0.657467	0.010831	-0.003449	-0.166179
61.700000	4.428722	-7.413770	0.657467	0.010831	-0.003449	-0.166179
61.750000	4.428722	-7.413770	0.657467	0.010831	-0.003449	-0.166179
61.800000	4.428722	-7.413770	0.657467	0.010831	-0.003449	-0.166179
61.850000	4.428722	-7.413770	0.657467	0.010831	-0.003449	-0.166179
61.900000	4.428722	-7.413770	0.657467	0.010831	-0.003449	-0.166179
61.950000	4.428722	-7.413770	0.657467	0.010831	-0.003449	-0.166179
62.000000	4.428722	-7.413770	0.657467	0.010831	-0.003449	-0.166179
62.050000	4.428722	-7.413770	0.657467	0.010831	-0.003449	-0.166179
62.100000	4.428722	-7.413770	0.657467	0.010831	-0.003449	-0.166179
62.150000	4.428722	-7.413770	0.657467	0.010831	-0.003449	-0.166179
62.200000	4.428722	-7.413770	0.657467	0.010831	-0.003449	-0.166179
62.250000	4.428722	-7.413770	0.657467	0.010831	-0.003449	-0.166179
62.300000	4.428722	-7.413770	0.657467	0.010831	-0.003449	-0.166179
62.350000	4.428722	-7.413770	0.657467	0.010831	-0.003449	-0.166179
62.400000	4.428722	-7.413770	0.657467	0.010831	-0.003449	-0.166179
62.450000	4.428722	-7.413770	0.657467	0.010831	-0.003449	-0.166179
