Time(s)	Acc(m/s2)	V (m/s)	V_avg (m/s)	Var	gyro_var	Movement	Displacement(m)
0.000000	0.018707	0.000000	0.000000	0.018707	-0.000701	0	0.000000
0.050000	0.017670	0.000000	0.000000	0.017670	-0.007811	0	0.000000
0.100000	0.015823	0.000000	0.000000	0.015823	0.001693	0	0.000000
0.150000	0.014755	0.000000	0.000000	0.014755	-0.003081	0	0.000000
0.200000	0.018799	0.000000	0.000000	0.018799	-0.007858	0	0.000000
0.250000	0.015717	0.000000	0.000000	0.015717	-0.012611	0	0.000000
0.300000	0.015823	0.000000	0.000000	0.015823	-0.006707	0	0.000000
0.350000	0.012802	0.000000	0.000000	0.012802	0.000439	0	0.000000
0.400000	0.014740	0.000000	0.000000	0.014740	-0.003087	0	0.000000
0.450000	0.015717	0.000000	0.000000	0.015717	-0.007820	0	0.000000
0.500000	0.014847	0.000000	0.000000	0.014847	0.018462	0	0.000000
0.550000	0.013824	0.000000	0.000000	0.013824	-0.006728	0	0.000000
0.600000	0.015828	0.000000	0.000000	0.000003	0.000058	0	0.000000
0.650000	0.015587	0.000000	0.000000	0.000003	0.000062	0	0.000000
0.700000	0.015217	0.000000	0.000000	0.000002	0.000061	0	0.000000
0.750000	0.015221	0.000000	0.000000	0.000002	0.000059	0	0.000000
0.800000	0.015455	0.000000	0.000000	0.000002	0.000059	0	0.000000
0.850000	0.015344	0.000000	0.000000	0.000001	0.000060	0	0.000000
0.900000	0.015660	0.000000	0.000000	0.000001	0.000057	0	0.000000
0.950000	0.016237	0.000000	0.000000	0.000001	0.000061	0	0.000000
1.000000	0.017151	0.000000	0.000000	0.000001	0.000066	0	0.000000
1.050000	0.017308	0.000000	0.000000	0.000001	0.000068	0	0.000000
1.100000	0.018848	0.000000	0.000000	0.000002	0.000062	0	0.000000
1.150000	0.018021	0.000000	0.000000	0.000002	0.000041	0	0.000000
1.200000	0.017934	0.000000	0.000000	0.000002	0.000033	0	0.000000
1.250000	0.018761	0.000000	0.000000	0.000002	0.000030	0	0.000000
1.300000	0.015160	0.000000	0.000000	0.000002	0.000027	0	0.000000
1.350000	0.012887	0.000000	0.000000	0.000003	0.000021	0	0.000000
1.400000	0.014391	0.000000	0.000000	0.000003	0.000014	0	0.000000
1.450000	0.013268	0.000000	0.000000	0.000004	0.000009	0	0.000000
1.500000	0.014661	0.000000	0.000000	0.000004	0.000006	0	0.000000
1.550000	0.019336	0.000000	0.000000	0.000005	0.000006	0	0.000000
1.600000	0.016350	0.000000	0.000000	0.000005	0.000006	0	0.000000
1.650000	0.022443	0.000000	0.000000	0.000008	0.000009	0	0.000000
1.700000	0.021922	0.001096	0.000548	0.000010	0.000012	1	0.000027
1.750000	0.010951	0.001644	0.001370	0.000013	0.000013	1	0.000096
1.800000	0.015082	0.002398	0.002021	0.000013	0.000014	1	0.000197
1.850000	0.016301	0.003213	0.002805	0.000013	0.000016	1	0.000337
1.900000	0.021655	0.004296	0.003754	0.000015	0.000018	1	0.000525
1.950000	0.020771	0.005334	0.004815	0.000016	0.000020	1	0.000766
2.000000	0.017638	0.006216	0.005775	0.000015	0.000020	1	0.001054
2.050000	0.018127	0.007122	0.006669	0.000014	0.000020	1	0.001388
2.100000	0.017477	0.007996	0.007559	0.000012	0.000022	1	0.001766
2.150000	0.019362	0.008964	0.008480	0.000011	0.000028	1	0.002190
2.200000	0.014524	0.009691	0.009327	0.000012	0.000042	1	0.002656
2.250000	0.017929	0.010587	0.010139	0.000012	0.000050	1	0.003163
2.300000	0.013486	0.011261	0.010924	0.000012	0.000054	1	0.003709
2.350000	0.014418	0.011982	0.011622	0.000010	0.000054	1	0.004290
2.400000	0.024317	0.013198	0.012590	0.000011	0.000051	1	0.004920
2.450000	0.021432	0.014270	0.013734	0.000011	0.000046	1	0.005607
2.500000	0.019809	0.015260	0.014765	0.000011	0.000040	1	0.006345
2.550000	0.013885	0.015954	0.015607	0.000011	0.000037	1	0.007125
2.600000	0.019091	0.016909	0.016432	0.000011	0.000032	1	0.007947
2.650000	0.024887	0.018153	0.017531	0.000015	0.000021	1	0.008823
2.700000	0.022900	0.019298	0.018726	0.000017	0.000015	1	0.009760
2.750000	0.024601	0.020528	0.019913	0.000019	0.000010	1	0.010755
2.800000	0.020974	0.021577	0.021053	0.000020	0.000009	1	0.011808
2.850000	0.020601	0.022607	0.022092	0.000018	0.000009	1	0.012913
2.900000	0.019603	0.023587	0.023097	0.000017	0.000010	1	0.014067
2.950000	0.017259	0.024450	0.024019	0.000014	0.000010	1	0.015268
3.000000	0.016636	0.025282	0.024866	0.000012	0.000010	1	0.016512
3.050000	0.016323	0.026098	0.025690	0.000012	0.000011	1	0.017796
3.100000	0.015600	0.026878	0.026488	0.000013	0.000013	1	0.019121
3.150000	0.016165	0.027686	0.027282	0.000014	0.000013	1	0.020485
3.200000	0.015779	0.028475	0.028081	0.000012	0.000018	1	0.021889
3.250000	0.014707	0.029211	0.028843	0.000014	0.000019	1	0.023331
3.300000	0.014324	0.029927	0.029569	0.000012	0.000019	1	0.024809
3.350000	0.014235	0.030639	0.030283	0.000011	0.000017	1	0.026323
3.400000	0.014004	0.000000	0.030283	0.000007	0.000015	0	0.026323
3.450000	0.014076	0.000000	0.030283	0.000005	0.000012	0	0.026323
3.500000	0.014321	0.000000	0.030283	0.000003	0.000010	0	0.026323
3.550000	0.014089	0.000000	0.030283	0.000002	0.000008	0	0.026323
3.600000	0.014100	0.000000	0.030283	0.000001	0.000007	0	0.026323
3.650000	0.014395	0.000000	0.030283	0.000001	0.000006	0	0.026323
3.700000	0.014323	0.000000	0.030283	0.000001	0.000005	0	0.026323
3.750000	0.014767	0.000000	0.030283	0.000001	0.000003	0	0.026323
3.800000	0.014695	0.000000	0.030283	0.000000	0.000002	0	0.026323
3.850000	0.014776	0.000000	0.030283	0.000000	0.000002	0	0.026323
3.900000	0.015001	0.000000	0.030283	0.000000	0.000002	0	0.026323
3.950000	0.015293	0.000000	0.030283	0.000000	0.000002	0	0.026323
4.000000	0.015155	0.000000	0.030283	0.000000	0.000001	0	0.026323
4.050000	0.015235	0.000000	0.030283	0.000000	0.000001	0	0.026323
4.100000	0.015170	0.000000	0.030283	0.000000	0.000001	0	0.026323
4.150000	0.014780	0.000000	0.030283	0.000000	0.000001	0	0.026323
4.200000	0.015093	0.000000	0.030283	0.000000	0.000001	0	0.026323
4.250000	0.014862	0.000000	0.030283	0.000000	0.000001	0	0.026323
4.300000	0.014481	0.000000	0.030283	0.000000	0.000001	0	0.026323
4.350000	0.014177	0.000000	0.030283	0.000000	0.000001	0	0.026323
4.400000	0.014117	0.000000	0.030283	0.000000	0.000001	0	0.026323
4.450000	0.013805	0.000000	0.030283	0.000000	0.000001	0	0.026323
4.500000	0.013574	0.000000	0.030283	0.000000	0.000001	0	0.026323
4.550000	0.013805	0.000000	0.030283	0.000000	0.000001	0	0.026323
4.600000	0.013654	0.000000	0.030283	0.000000	0.000001	0	0.026323
4.650000	0.014110	0.000000	0.030283	0.000000	0.000001	0	0.026323
4.700000	0.014024	0.000000	0.030283	0.000000	0.000001	0	0.026323
4.750000	0.014094	0.000000	0.030283	0.000000	0.000000	0	0.026323
4.800000	0.014320	0.000000	0.030283	0.000000	0.000000	0	0.026323
4.850000	0.014249	0.000000	0.030283	0.000000	0.000000	0	0.026323
4.900000	0.014330	0.000000	0.030283	0.000000	0.000000	0	0.026323
4.950000	0.014551	0.000000	0.030283	0.000000	0.000000	0	0.026323
5.000000	0.014553	0.000000	0.030283	0.000000	0.000000	0	0.026323
5.050000	0.014633	0.000000	0.030283	0.000000	0.000000	0	0.026323
5.100000	0.015174	0.000000	0.030283	0.000000	0.000000	0	0.026323
5.150000	0.015175	0.000000	0.030283	0.000000	0.000000	0	0.026323
5.200000	0.015098	0.000000	0.030283	0.000000	0.000000	0	0.026323
5.250000	0.014874	0.000000	0.030283	0.000000	0.000000	0	0.026323
5.300000	0.014787	0.000000	0.030283	0.000000	0.000001	0	0.026323
5.350000	0.014790	0.000000	0.030283	0.000000	0.000001	0	0.026323
5.400000	0.014714	0.000000	0.030283	0.000000	0.000001	0	0.026323
5.450000	0.014711	0.000000	0.030283	0.000000	0.000001	0	0.026323
5.500000	0.014787	0.000000	0.030283	0.000000	0.000001	0	0.026323
5.550000	0.014936	0.000000	0.030283	0.000000	0.000001	0	0.026323
5.600000	0.014405	0.000000	0.030283	0.000000	0.000001	0	0.026323
5.650000	0.014403	0.000000	0.030283	0.000000	0.000001	0	0.026323
5.700000	0.014235	0.000000	0.030283	0.000000	0.000001	0	0.026323
5.750000	0.013758	0.000000	0.030283	0.000000	0.000001	0	0.026323
5.800000	0.013613	0.000000	0.030283	0.000000	0.000000	0	0.026323
5.850000	0.014990	0.000000	0.030283	0.000000	0.000001	0	0.026323
5.900000	0.012356	0.000000	0.030283	0.000001	0.000002	0	0.026323
5.950000	0.007690	0.000000	0.030283	0.000004	0.000002	0	0.026323
6.000000	0.002423	0.000121	0.000061	0.000014	0.000002	1	0.026326
6.050000	-0.005099	-0.000134	-0.000006	0.000039	0.000003	1	0.026326
6.100000	0.003324	0.000032	-0.000051	0.000044	0.000003	1	0.026324
6.150000	0.004770	0.000271	0.000152	0.000045	0.000004	1	0.026331
6.200000	0.010032	0.000773	0.000522	0.000043	0.000004	1	0.026357
6.250000	0.000520	0.000799	0.000786	0.000046	0.000004	1	0.026397
6.300000	-0.001705	0.000713	0.000756	0.000049	0.000004	1	0.026434
6.350000	-0.002785	0.000574	0.000644	0.000051	0.000014	1	0.026466
6.400000	-0.010669	0.000040	0.000307	0.000065	0.000020	1	0.026482
6.450000	-0.010079	-0.000463	-0.000211	0.000070	0.000027	1	0.026471
6.500000	-0.005936	-0.000760	-0.000612	0.000059	0.000029	1	0.026441
6.550000	-0.002984	-0.000909	-0.000835	0.000046	0.000029	1	0.026399
6.600000	0.000993	-0.000860	-0.000885	0.000038	0.000029	1	0.026355
6.650000	0.006933	-0.000513	-0.000686	0.000042	0.000028	1	0.026320
6.700000	0.012232	0.000098	-0.000207	0.000054	0.000025	1	0.026310
6.750000	0.003371	0.000267	0.000183	0.000055	0.000022	1	0.026319
6.800000	0.003444	0.000439	0.000353	0.000054	0.000018	1	0.026337
6.850000	-0.000923	0.000393	0.000416	0.000045	0.000020	1	0.026358
6.900000	0.004521	0.000619	0.000506	0.000046	0.000023	1	0.026383
6.950000	0.005505	0.000894	0.000757	0.000049	0.000026	1	0.026421
7.000000	0.008361	0.001312	0.001103	0.000053	0.000025	1	0.026476
7.050000	0.017799	0.002202	0.001757	0.000060	0.000025	1	0.026564
7.100000	0.018606	0.003133	0.002668	0.000059	0.000031	1	0.026697
7.150000	0.011762	0.003721	0.003427	0.000050	0.000045	1	0.026869
7.200000	0.010993	0.004270	0.003996	0.000041	0.000053	1	0.027068
7.250000	0.010772	0.004809	0.004540	0.000036	0.000059	1	0.027295
7.300000	0.009644	0.005291	0.005050	0.000035	0.000060	1	0.027548
7.350000	0.011262	0.005854	0.005573	0.000035	0.000060	1	0.027826
7.400000	0.011232	0.006416	0.006135	0.000032	0.000055	1	0.028133
7.450000	0.009033	0.006868	0.006642	0.000029	0.000045	1	0.028465
7.500000	0.007534	0.007244	0.007056	0.000019	0.000044	1	0.028818
7.550000	0.011681	0.007828	0.007536	0.000015	0.000049	1	0.029195
7.600000	0.012538	0.008455	0.008142	0.000012	0.000059	1	0.029602
7.650000	0.010316	0.008971	0.008713	0.000011	0.000059	1	0.030038
7.700000	0.008939	0.000000	0.008713	0.000008	0.000069	0	0.030038
7.750000	0.007386	0.000000	0.008713	0.000003	0.000108	0	0.030038
7.800000	0.008249	0.000000	0.008713	0.000003	0.000149	0	0.030038
7.850000	0.008405	0.000000	0.008713	0.000003	0.000176	0	0.030038
7.900000	0.008477	0.000000	0.008713	0.000003	0.000178	0	0.030038
7.950000	0.008402	0.000000	0.008713	0.000003	0.000171	0	0.030038
8.000000	0.008918	0.000000	0.008713	0.000003	0.000143	0	0.030038
8.050000	0.009220	0.000000	0.008713	0.000003	0.000105	0	0.030038
8.100000	0.009581	0.000000	0.008713	0.000003	0.000064	0	0.030038
8.150000	0.009952	0.000000	0.008713	0.000002	0.000042	0	0.030038
8.200000	0.009960	0.000000	0.008713	0.000002	0.000028	0	0.030038
8.250000	0.010118	0.000000	0.008713	0.000001	0.000019	0	0.030038
8.300000	0.010193	0.000000	0.008713	0.000001	0.000011	0	0.030038
8.350000	0.009876	0.000000	0.008713	0.000001	0.000006	0	0.030038
8.400000	0.009566	0.000000	0.008713	0.000001	0.000007	0	0.030038
8.450000	0.009646	0.000000	0.008713	0.000000	0.000007	0	0.030038
8.500000	0.009721	0.000000	0.008713	0.000000	0.000006	0	0.030038
8.550000	0.009881	0.000000	0.008713	0.000000	0.000006	0	0.030038
8.600000	0.009651	0.000000	0.008713	0.000000	0.000006	0	0.030038
8.650000	0.009516	0.000000	0.008713	0.000000	0.000005	0	0.030038
8.700000	0.009072	0.000000	0.008713	0.000000	0.000004	0	0.030038
8.750000	0.008629	0.000000	0.008713	0.000000	0.000003	0	0.030038
8.800000	0.008172	0.000000	0.008713	0.000000	0.000002	0	0.030038
8.850000	0.008082	0.000000	0.008713	0.000001	0.000001	0	0.030038
8.900000	0.007847	0.000000	0.008713	0.000001	0.000001	0	0.030038
8.950000	0.007932	0.000000	0.008713	0.000001	0.000001	0	0.030038
9.000000	0.007875	0.000000	0.008713	0.000001	0.000001	0	0.030038
9.050000	0.007946	0.000000	0.008713	0.000001	0.000001	0	0.030038
9.100000	0.007707	0.000000	0.008713	0.000001	0.000001	0	0.030038
9.150000	0.007705	0.000000	0.008713	0.000001	0.000001	0	0.030038
9.200000	0.007388	0.000000	0.008713	0.000001	0.000001	0	0.030038
9.250000	0.007849	0.000000	0.008713	0.000000	0.000001	0	0.030038
9.300000	0.007616	0.000000	0.008713	0.000000	0.000001	0	0.030038
9.350000	0.007540	0.000000	0.008713	0.000000	0.000001	0	0.030038
9.400000	0.007759	0.000000	0.008713	0.000000	0.000001	0	0.030038
9.450000	0.007992	0.000000	0.008713	0.000000	0.000001	0	0.030038
9.500000	0.008151	0.000000	0.008713	0.000000	0.000001	0	0.030038
9.550000	0.008154	0.000000	0.008713	0.000000	0.000001	0	0.030038
9.600000	0.007998	0.000000	0.008713	0.000000	0.000001	0	0.030038
9.650000	0.008215	0.000000	0.008713	0.000000	0.000001	0	0.030038
9.700000	0.008449	0.000000	0.008713	0.000000	0.000001	0	0.030038
9.750000	0.008464	0.000000	0.008713	0.000000	0.000001	0	0.030038
9.800000	0.008679	0.000000	0.008713	0.000000	0.000001	0	0.030038
9.850000	0.008909	0.000000	0.008713	0.000000	0.000001	0	0.030038
9.900000	0.008901	0.000000	0.008713	0.000000	0.000001	0	0.030038
9.950000	0.009120	0.000000	0.008713	0.000000	0.000001	0	0.030038
10.000000	0.009201	0.000000	0.008713	0.000000	0.000001	0	0.030038
10.050000	0.009027	0.000000	0.008713	0.000000	0.000001	0	0.030038
10.100000	0.009210	0.000000	0.008713	0.000000	0.000001	0	0.030038
10.150000	0.008612	0.000000	0.008713	0.000000	0.000001	0	0.030038
10.200000	0.008688	0.000000	0.008713	0.000000	0.000001	0	0.030038
10.250000	0.008289	0.000000	0.008713	0.000000	0.000002	0	0.030038
10.300000	0.007986	0.000000	0.008713	0.000000	0.000002	0	0.030038
10.350000	0.007594	0.000000	0.008713	0.000000	0.000002	0	0.030038
10.400000	0.007658	0.000000	0.008713	0.000000	0.000002	0	0.030038
10.450000	0.007206	0.000000	0.008713	0.000000	0.000003	0	0.030038
10.500000	0.006986	0.000000	0.008713	0.000001	0.000003	0	0.030038
10.550000	0.006844	0.000000	0.008713	0.000001	0.000002	0	0.030038
10.600000	0.005782	0.000000	0.008713	0.000001	0.000002	0	0.030038
10.650000	0.000850	0.000000	0.008713	0.000005	0.000001	0	0.030038
10.700000	-0.005384	-0.000269	-0.000135	0.000017	0.000001	1	0.030031
10.750000	-0.015298	-0.001034	-0.000652	0.000052	0.000001	1	0.029998
10.800000	-0.021964	-0.002132	-0.001583	0.000105	0.000002	1	0.029919
10.850000	-0.028206	-0.003543	-0.002837	0.000172	0.000002	1	0.029777
10.900000	-0.036544	-0.005370	-0.004456	0.000264	0.000004	1	0.029554
10.950000	-0.040166	-0.007378	-0.006374	0.000351	0.000008	1	0.029236
11.000000	-0.042660	-0.009511	-0.008445	0.000421	0.000010	1	0.028814
11.050000	-0.044801	-0.011751	-0.010631	0.000468	0.000010	1	0.028282
11.100000	-0.049786	-0.014240	-0.012996	0.000501	0.000013	1	0.027632
11.150000	-0.047637	-0.016622	-0.015431	0.000485	0.000012	1	0.026861
11.200000	-0.050145	-0.019130	-0.017876	0.000435	0.000012	1	0.025967
11.250000	-0.049799	-0.021619	-0.020375	0.000348	0.000037	1	0.024948
11.300000	-0.043026	-0.023771	-0.022695	0.000239	0.000055	1	0.023813
11.350000	-0.033412	-0.025441	-0.024606	0.000145	0.000056	1	0.022583
11.400000	-0.021203	-0.026502	-0.025971	0.000117	0.000057	1	0.021284
11.450000	-0.013805	-0.027192	-0.026847	0.000143	0.000057	1	0.019942
11.500000	-0.000757	-0.027230	-0.027211	0.000250	0.000063	1	0.018582
11.550000	0.016210	-0.026419	-0.026824	0.000473	0.000068	1	0.017240
11.600000	0.012451	-0.025797	-0.026108	0.000636	0.000074	1	0.015935
11.650000	0.017292	-0.024932	-0.025364	0.000783	0.000069	1	0.014667
11.700000	0.028847	-0.023490	-0.024211	0.000954	0.000066	1	0.013456
11.750000	0.043265	-0.021326	-0.022408	0.001142	0.000067	1	0.012336
11.800000	0.051085	-0.018772	-0.020049	0.001303	0.000060	1	0.011333
11.850000	0.053413	-0.016101	-0.017437	0.001333	0.000052	1	0.010462
11.900000	0.054828	-0.013360	-0.014731	0.001228	0.000053	1	0.009725
11.950000	0.053468	-0.010687	-0.012023	0.001039	0.000052	1	0.009124
12.000000	0.050037	-0.008185	-0.009436	0.000814	0.000053	1	0.008652
12.050000	0.047254	-0.005822	-0.007003	0.000611	0.000053	1	0.008302
12.100000	0.046736	-0.003485	-0.004654	0.000416	0.000048	1	0.008069
12.150000	0.039709	-0.001500	-0.002493	0.000274	0.000050	1	0.007945
12.200000	0.031163	0.000058	-0.000721	0.000221	0.000053	1	0.007909
12.250000	0.038764	0.001997	0.001027	0.000146	0.000049	1	0.007960
12.300000	0.036426	0.003818	0.002907	0.000087	0.000045	1	0.008105
12.350000	0.027257	0.005181	0.004499	0.000086	0.000047	1	0.008330
12.400000	0.017834	0.006072	0.005627	0.000140	0.000048	1	0.008612
12.450000	0.007858	0.006465	0.006269	0.000223	0.000048	1	0.008925
12.500000	0.008039	0.006867	0.006666	0.000278	0.000048	1	0.009258
12.550000	0.006974	0.007216	0.007042	0.000304	0.000051	1	0.009610
12.600000	0.006499	0.007541	0.007378	0.000305	0.000056	1	0.009979
12.650000	0.006645	0.007873	0.007707	0.000291	0.000055	1	0.010365
12.700000	0.006947	0.008221	0.008047	0.000263	0.000035	1	0.010767
12.750000	0.006942	0.008568	0.008394	0.000216	0.000015	1	0.011187
12.800000	0.007085	0.008922	0.008745	0.000179	0.000012	1	0.011624
12.850000	0.007241	0.009284	0.009103	0.000159	0.000011	1	0.012079
12.900000	0.006712	0.009619	0.009452	0.000105	0.000011	1	0.012552
12.950000	0.006936	0.009966	0.009793	0.000046	0.000010	1	0.013041
13.000000	0.006769	0.010305	0.010136	0.000013	0.000009	1	0.013548
13.050000	0.006910	0.000000	0.010136	0.000001	0.000008	0	0.013548
13.100000	0.007151	0.000000	0.010136	0.000000	0.000006	0	0.013548
13.150000	0.006916	0.000000	0.010136	0.000000	0.000003	0	0.013548
13.200000	0.006922	0.000000	0.010136	0.000000	0.000002	0	0.013548
13.250000	0.006842	0.000000	0.010136	0.000000	0.000002	0	0.013548
13.300000	0.006620	0.000000	0.010136	0.000000	0.000002	0	0.013548
13.350000	0.006478	0.000000	0.010136	0.000000	0.000002	0	0.013548
13.400000	0.006569	0.000000	0.010136	0.000000	0.000001	0	0.013548
13.450000	0.006645	0.000000	0.010136	0.000000	0.000001	0	0.013548
13.500000	0.006873	0.000000	0.010136	0.000000	0.000001	0	0.013548
13.550000	0.007028	0.000000	0.010136	0.000000	0.000001	0	0.013548
13.600000	0.007028	0.000000	0.010136	0.000000	0.000001	0	0.013548
13.650000	0.007100	0.000000	0.010136	0.000000	0.000001	0	0.013548
13.700000	0.006959	0.000000	0.010136	0.000000	0.000000	0	0.013548
13.750000	0.006730	0.000000	0.010136	0.000000	0.000000	0	0.013548
13.800000	0.006734	0.000000	0.010136	0.000000	0.000000	0	0.013548
13.850000	0.006805	0.000000	0.010136	0.000000	0.000000	0	0.013548
13.900000	0.006722	0.000000	0.010136	0.000000	0.000000	0	0.013548
13.950000	0.006803	0.000000	0.010136	0.000000	0.000000	0	0.013548
14.000000	0.006571	0.000000	0.010136	0.000000	0.000000	0	0.013548
14.050000	0.006648	0.000000	0.010136	0.000000	0.000001	0	0.013548
14.100000	0.006508	0.000000	0.010136	0.000000	0.000001	0	0.013548
14.150000	0.006209	0.000000	0.010136	0.000000	0.000001	0	0.013548
14.200000	0.006507	0.000000	0.010136	0.000000	0.000001	0	0.013548
14.250000	0.006350	0.000000	0.010136	0.000000	0.000001	0	0.013548
14.300000	0.005818	0.000000	0.010136	0.000000	0.000000	0	0.013548
14.350000	0.005805	0.000000	0.010136	0.000000	0.000000	0	0.013548
14.400000	0.006092	0.000000	0.010136	0.000000	0.000000	0	0.013548
14.450000	0.006478	0.000000	0.010136	0.000000	0.000000	0	0.013548
14.500000	0.006695	0.000000	0.010136	0.000000	0.000000	0	0.013548
14.550000	0.006696	0.000000	0.010136	0.000000	0.000001	0	0.013548
14.600000	0.007418	0.000000	0.010136	0.000000	0.000003	0	0.013548
14.650000	0.011911	0.000000	0.010136	0.000002	0.000008	0	0.013548
14.700000	0.013870	0.000000	0.010136	0.000006	0.000012	0	0.013548
14.750000	0.023540	0.001177	0.000588	0.000027	0.000013	1	0.013578
14.800000	0.031687	0.002761	0.001969	0.000067	0.000014	1	0.013676
14.850000	0.043262	0.004924	0.003843	0.000149	0.000016	1	0.013868
14.900000	0.049296	0.007389	0.006157	0.000247	0.000024	1	0.014176
14.950000	0.053300	0.010054	0.008722	0.000341	0.000030	1	0.014612
15.000000	0.054656	0.012787	0.011421	0.000413	0.000039	1	0.015183
15.050000	0.055785	0.015576	0.014182	0.000459	0.000037	1	0.015892
15.100000	0.056796	0.018416	0.016996	0.000477	0.000044	1	0.016742
15.150000	0.056459	0.021239	0.019828	0.000460	0.000061	1	0.017733
15.200000	0.057990	0.024139	0.022689	0.000412	0.000087	1	0.018868
15.250000	0.054724	0.026875	0.025507	0.000326	0.000082	1	0.020143
15.300000	0.055962	0.029673	0.028274	0.000237	0.000084	1	0.021557
15.350000	0.052297	0.032288	0.030980	0.000133	0.000077	1	0.023106
15.400000	0.046685	0.034622	0.033455	0.000065	0.000073	1	0.024779
15.450000	0.037788	0.036511	0.035567	0.000042	0.000059	1	0.026557
15.500000	0.027738	0.037898	0.037205	0.000081	0.000050	1	0.028417
15.550000	0.024472	0.039122	0.038510	0.000138	0.000047	1	0.030343
15.600000	0.019200	0.040082	0.039602	0.000206	0.000046	1	0.032323
15.650000	0.016724	0.040918	0.040500	0.000269	0.000045	1	0.034348
15.700000	0.012861	0.041561	0.041239	0.000327	0.000041	1	0.036410
15.750000	0.013300	0.042226	0.041894	0.000355	0.000072	1	0.038504
15.800000	0.006699	0.042561	0.042393	0.000384	0.000144	1	0.040624
15.850000	0.002413	0.042682	0.042621	0.000390	0.000233	1	0.042755
15.900000	0.001921	0.042778	0.042730	0.000375	0.000286	1	0.044892
15.950000	-0.006086	0.042473	0.042626	0.000344	0.000332	1	0.047023
16.000000	-0.004067	0.042270	0.042372	0.000279	0.000346	1	0.049141
16.050000	-0.010124	0.041764	0.042017	0.000226	0.000346	1	0.051242
16.100000	-0.015767	0.040975	0.041370	0.000203	0.000324	1	0.053311
16.150000	-0.024482	0.039751	0.040363	0.000229	0.000299	1	0.055329
16.200000	-0.026231	0.038440	0.039096	0.000246	0.000272	1	0.057284
16.250000	-0.023844	0.037248	0.037844	0.000245	0.000234	1	0.059176
16.300000	-0.022166	0.036139	0.036693	0.000224	0.000171	1	0.061011
16.350000	-0.007384	0.035770	0.035955	0.000186	0.000083	1	0.062808
16.400000	-0.008613	0.035339	0.035555	0.000138	0.000054	1	0.064586
16.450000	-0.001135	0.035283	0.035311	0.000117	0.000056	1	0.066352
16.500000	0.002322	0.035399	0.035341	0.000115	0.000060	1	0.068119
16.550000	0.006037	0.035701	0.035550	0.000125	0.000070	1	0.069896
16.600000	0.009005	0.036151	0.035926	0.000155	0.000068	1	0.071692
16.650000	0.009207	0.036611	0.036381	0.000184	0.000071	1	0.073512
16.700000	0.011738	0.037198	0.036905	0.000218	0.000065	1	0.075357
16.750000	0.018585	0.038127	0.037663	0.000261	0.000065	1	0.077240
16.800000	0.026239	0.039439	0.038783	0.000293	0.000065	1	0.079179
16.850000	0.025833	0.040731	0.040085	0.000281	0.000064	1	0.081183
16.900000	0.025485	0.042005	0.041368	0.000242	0.000061	1	0.083252
16.950000	0.025466	0.043279	0.042642	0.000179	0.000043	1	0.085384
17.000000	0.013812	0.043969	0.043624	0.000143	0.000016	1	0.087565
17.050000	0.013907	0.044664	0.044317	0.000100	0.000012	1	0.089781
17.100000	0.013594	0.045344	0.045004	0.000075	0.000013	1	0.092031
17.150000	0.013571	0.046023	0.045683	0.000058	0.000015	1	0.094315
17.200000	0.013344	0.046690	0.046356	0.000048	0.000017	1	0.096633
17.250000	0.013175	0.047349	0.047019	0.000043	0.000019	1	0.098984
17.300000	0.013267	0.048012	0.047680	0.000038	0.000020	1	0.101368
17.350000	0.013498	0.048687	0.048349	0.000037	0.000020	1	0.103785
17.400000	0.013501	0.049362	0.049024	0.000038	0.000018	1	0.106237
17.450000	0.013269	0.050025	0.049694	0.000031	0.000014	1	0.108721
17.500000	0.013124	0.050682	0.050354	0.000023	0.000009	1	0.111239
17.550000	0.013124	0.051338	0.051010	0.000013	0.000005	1	0.113790
17.600000	0.013132	0.000000	0.051010	0.000001	0.000001	0	0.113790
17.650000	0.013130	0.000000	0.051010	0.000000	0.000001	0	0.113790
17.700000	0.013335	0.000000	0.051010	0.000000	0.000001	0	0.113790
17.750000	0.013270	0.000000	0.051010	0.000000	0.000001	0	0.113790
17.800000	0.013062	0.000000	0.051010	0.000000	0.000001	0	0.113790
17.850000	0.012821	0.000000	0.051010	0.000000	0.000001	0	0.113790
17.900000	0.012915	0.000000	0.051010	0.000000	0.000001	0	0.113790
17.950000	0.012610	0.000000	0.051010	0.000000	0.000001	0	0.113790
18.000000	0.012145	0.000000	0.051010	0.000000	0.000001	0	0.113790
18.050000	0.012069	0.000000	0.051010	0.000000	0.000001	0	0.113790
18.100000	0.012146	0.000000	0.051010	0.000000	0.000001	0	0.113790
18.150000	0.012296	0.000000	0.051010	0.000000	0.000002	0	0.113790
18.200000	0.012216	0.000000	0.051010	0.000000	0.000002	0	0.113790
18.250000	0.012201	0.000000	0.051010	0.000000	0.000003	0	0.113790
18.300000	0.012047	0.000000	0.051010	0.000000	0.000004	0	0.113790
18.350000	0.011753	0.000000	0.051010	0.000000	0.000004	0	0.113790
18.400000	0.012220	0.000000	0.051010	0.000000	0.000005	0	0.113790
18.450000	0.012667	0.000000	0.051010	0.000000	0.000004	0	0.113790
18.500000	0.012907	0.000000	0.051010	0.000000	0.000004	0	0.113790
18.550000	0.013121	0.000000	0.051010	0.000000	0.000003	0	0.113790
18.600000	0.013343	0.000000	0.051010	0.000000	0.000002	0	0.113790
18.650000	0.013722	0.000000	0.051010	0.000000	0.000002	0	0.113790
18.700000	0.013802	0.000000	0.051010	0.000000	0.000001	0	0.113790
18.750000	0.014031	0.000000	0.051010	0.000001	0.000001	0	0.113790
18.800000	0.014020	0.000000	0.051010	0.000001	0.000001	0	0.113790
18.850000	0.013801	0.000000	0.051010	0.000001	0.000001	0	0.113790
18.900000	0.013974	0.000000	0.051010	0.000001	0.000001	0	0.113790
18.950000	0.013903	0.000000	0.051010	0.000001	0.000002	0	0.113790
19.000000	0.014106	0.000000	0.051010	0.000000	0.000002	0	0.113790
19.050000	0.013552	0.000000	0.051010	0.000000	0.000001	0	0.113790
19.100000	0.012949	0.000000	0.051010	0.000000	0.000002	0	0.113790
19.150000	0.013074	0.000000	0.051010	0.000000	0.000004	0	0.113790
19.200000	0.012208	0.000000	0.051010	0.000000	0.000009	0	0.113790
19.250000	0.010451	0.000000	0.051010	0.000001	0.000014	0	0.113790
19.300000	0.008417	0.000000	0.051010	0.000003	0.000015	0	0.113790
19.350000	0.006771	0.000000	0.051010	0.000006	0.000020	0	0.113790
19.400000	0.015420	0.000000	0.051010	0.000007	0.000029	0	0.113790
19.450000	0.015753	0.000000	0.051010	0.000007	0.000071	0	0.113790
19.500000	0.017605	0.000000	0.051010	0.000009	0.000115	0	0.113790
19.550000	0.019484	0.000974	0.000487	0.000013	0.000137	1	0.113814
19.600000	0.019745	0.001961	0.001468	0.000016	0.000193	1	0.113887
19.650000	0.014918	0.002707	0.002334	0.000017	0.000319	1	0.114004
19.700000	0.015816	0.003498	0.003103	0.000017	0.000657	1	0.114159
19.750000	0.023538	0.004675	0.004087	0.000024	0.001266	1	0.114363
19.800000	0.033730	0.006362	0.005518	0.000051	0.002513	1	0.114639
19.850000	0.047367	0.008730	0.007546	0.000123	0.004561	1	0.115017
19.900000	0.060461	0.011753	0.010241	0.000249	0.006968	1	0.115529
19.950000	0.067903	0.015148	0.013451	0.000387	0.009356	1	0.116201
20.000000	0.080681	0.000000	0.013451	0.000563	0.010687	0	0.116201
20.050000	0.078531	0.000000	0.013451	0.000696	0.010844	0	0.116201
20.100000	0.087739	0.000000	0.013451	0.000837	0.010120	0	0.116201
20.150000	0.094089	0.004704	0.002352	0.000967	0.008766	1	0.116319
20.200000	0.098537	0.009631	0.007168	0.001063	0.007002	1	0.116677
20.250000	0.103595	0.014811	0.012221	0.001110	0.005360	1	0.117288
20.300000	0.116622	0.020642	0.017727	0.001111	0.004187	1	0.118175
20.350000	0.124680	0.026876	0.023759	0.001041	0.004049	1	0.119363
20.400000	0.129201	0.033336	0.030106	0.000930	0.005027	1	0.120868
20.450000	0.128527	0.039763	0.036549	0.000780	0.007432	1	0.122695
20.500000	0.125189	0.000000	0.036549	0.000633	0.010519	0	0.122695
20.550000	0.123766	0.000000	0.036549	0.000515	0.013317	0	0.122695
20.600000	0.127290	0.000000	0.036549	0.000414	0.015003	0	0.122695
20.650000	0.124400	0.000000	0.036549	0.000345	0.015133	0	0.122695
20.700000	0.126524	0.000000	0.036549	0.000245	0.013883	0	0.122695
20.750000	0.125592	0.000000	0.036549	0.000168	0.012020	0	0.122695
20.800000	0.126833	0.000000	0.036549	0.000107	0.010110	0	0.122695
20.850000	0.129547	0.006477	0.003239	0.000057	0.007506	1	0.122857
20.900000	0.133034	0.013129	0.009803	0.000020	0.005312	1	0.123348
20.950000	0.133761	0.019817	0.016473	0.000012	0.003530	1	0.124171
21.000000	0.133862	0.026510	0.023164	0.000013	0.002361	1	0.125329
21.050000	0.130642	0.033042	0.029776	0.000014	0.001802	1	0.126818
21.100000	0.128447	0.039465	0.036254	0.000014	0.001860	1	0.128631
21.150000	0.128186	0.045874	0.042669	0.000013	0.002032	1	0.130764
21.200000	0.126583	0.052203	0.049039	0.000011	0.002062	1	0.133216
21.250000	0.127509	0.058579	0.055391	0.000011	0.001646	1	0.135986
21.300000	0.129196	0.000000	0.055391	0.000009	0.001112	0	0.135986
21.350000	0.129960	0.000000	0.055391	0.000008	0.000629	0	0.135986
21.400000	0.131873	0.000000	0.055391	0.000007	0.000284	0	0.135986
21.450000	0.131850	0.000000	0.055391	0.000006	0.000204	0	0.135986
21.500000	0.132481	0.000000	0.055391	0.000007	0.000100	0	0.135986
21.550000	0.133592	0.000000	0.055391	0.000007	0.000072	0	0.135986
21.600000	0.133753	0.000000	0.055391	0.000007	0.000062	0	0.135986
21.650000	0.134016	0.000000	0.055391	0.000007	0.000054	0	0.135986
21.700000	0.136101	0.000000	0.055391	0.000009	0.000053	0	0.135986
21.750000	0.137929	0.006896	0.003448	0.000012	0.000053	1	0.136158
21.800000	0.138815	0.013837	0.010367	0.000015	0.000051	1	0.136677
21.850000	0.139110	0.020793	0.017315	0.000015	0.000050	1	0.137542
21.900000	0.138384	0.027712	0.024252	0.000013	0.000049	1	0.138755
21.950000	0.137323	0.034578	0.031145	0.000011	0.000044	1	0.140312
22.000000	0.137500	0.000000	0.031145	0.000008	0.000038	0	0.140312
22.050000	0.137957	0.000000	0.031145	0.000007	0.000029	0	0.140312
22.100000	0.140724	0.000000	0.031145	0.000007	0.000027	0	0.140312
22.150000	0.142472	0.000000	0.031145	0.000008	0.000027	0	0.140312
22.200000	0.144055	0.000000	0.031145	0.000009	0.000027	0	0.140312
22.250000	0.144870	0.007244	0.003622	0.000010	0.000029	1	0.140493
22.300000	0.145199	0.014503	0.010874	0.000011	0.000029	1	0.141037
22.350000	0.144359	0.021721	0.018112	0.000010	0.000028	1	0.141943
22.400000	0.147062	0.029075	0.025398	0.000013	0.000018	1	0.143212
22.450000	0.149264	0.036538	0.032806	0.000017	0.000014	1	0.144853
22.500000	0.152595	0.044167	0.040353	0.000024	0.000010	1	0.146870
22.550000	0.153944	0.051865	0.048016	0.000031	0.000013	1	0.149271
22.600000	0.157472	0.059738	0.055801	0.000039	0.000017	1	0.152061
22.650000	0.159096	0.067693	0.063716	0.000045	0.000025	1	0.155247
22.700000	0.159761	0.075681	0.071687	0.000047	0.000035	1	0.158831
22.750000	0.160480	0.083705	0.079693	0.000049	0.000035	1	0.162816
22.800000	0.162101	0.091810	0.087758	0.000051	0.000031	1	0.167204
22.850000	0.163638	0.099992	0.095901	0.000054	0.000028	1	0.171999
22.900000	0.166531	0.108319	0.104155	0.000058	0.000034	1	0.177207
22.950000	0.170563	0.116847	0.112583	0.000064	0.000055	1	0.182836
23.000000	0.171856	0.125440	0.121143	0.000063	0.000076	1	0.188893
23.050000	0.171856	0.134032	0.129736	0.000059	0.000093	1	0.195380
23.100000	0.173942	0.142729	0.138381	0.000055	0.000078	1	0.202299
23.150000	0.175001	0.151479	0.147104	0.000053	0.000066	1	0.209654
23.200000	0.176012	0.160280	0.155880	0.000049	0.000076	1	0.217448
23.250000	0.174874	0.169024	0.164652	0.000045	0.000088	1	0.225681
23.300000	0.180374	0.178042	0.173533	0.000048	0.000149	1	0.234357
23.350000	0.181745	0.187130	0.182586	0.000048	0.000219	1	0.243487
23.400000	0.182033	0.196231	0.191681	0.000045	0.000243	1	0.253071
23.450000	0.179524	0.205208	0.200719	0.000036	0.000281	1	0.263107
23.500000	0.180334	0.214224	0.209716	0.000026	0.000390	1	0.273592
23.550000	0.175491	0.222999	0.218612	0.000018	0.000649	1	0.284523
23.600000	0.175187	0.231758	0.227379	0.000014	0.001278	1	0.295892
23.650000	0.172478	0.240382	0.236070	0.000013	0.002087	1	0.307695
23.700000	0.171435	0.248954	0.244668	0.000014	0.002829	1	0.319929
23.750000	0.162111	0.257059	0.253007	0.000030	0.003354	1	0.332579
23.800000	0.158866	0.265003	0.261031	0.000054	0.003704	1	0.345631
23.850000	0.152250	0.272615	0.268809	0.000094	0.004020	1	0.359071
23.900000	0.148143	0.280022	0.276319	0.000143	0.004173	1	0.372887
23.950000	0.128419	0.286443	0.283233	0.000272	0.004215	1	0.387049
24.000000	0.123043	0.292596	0.289519	0.000401	0.004192	1	0.401525
24.050000	0.112416	0.298216	0.295406	0.000555	0.003889	1	0.416295
24.100000	0.107523	0.303592	0.300904	0.000695	0.003278	1	0.431340
24.150000	0.101364	0.308661	0.306127	0.000805	0.002473	1	0.446647
24.200000	0.096182	0.313470	0.311065	0.000899	0.001703	1	0.462200
24.250000	0.088131	0.317876	0.315673	0.000968	0.001233	1	0.477984
24.300000	0.084495	0.322101	0.319989	0.000982	0.000990	1	0.493983
24.350000	0.075671	0.325885	0.323993	0.000959	0.000838	1	0.510183
24.400000	0.068351	0.329302	0.327593	0.000950	0.000650	1	0.526562
24.450000	0.063022	0.332453	0.330878	0.000893	0.000503	1	0.543106
24.500000	0.057460	0.335326	0.333890	0.000814	0.000393	1	0.559801
24.550000	0.048816	0.337767	0.336547	0.000711	0.000330	1	0.576628
24.600000	0.051417	0.340338	0.339053	0.000651	0.000291	1	0.593581
24.650000	0.043658	0.342521	0.341429	0.000599	0.000357	1	0.610652
24.700000	0.040767	0.344559	0.343540	0.000565	0.000459	1	0.627829
24.750000	0.035572	0.346338	0.345448	0.000526	0.000561	1	0.645101
24.800000	0.028621	0.347769	0.347053	0.000498	0.000692	1	0.662454
24.850000	0.025272	0.349032	0.348401	0.000457	0.000854	1	0.679874
24.900000	0.020112	0.350038	0.349535	0.000430	0.001111	1	0.697351
24.950000	0.015191	0.350798	0.350418	0.000393	0.001342	1	0.714872
25.000000	0.013079	0.351452	0.351125	0.000362	0.001779	1	0.732428
25.050000	0.014843	0.352194	0.351823	0.000321	0.002190	1	0.750019
25.100000	0.010262	0.352707	0.352450	0.000288	0.002470	1	0.767642
25.150000	0.010497	0.353232	0.352969	0.000249	0.002671	1	0.785290
25.200000	0.011982	0.353831	0.353531	0.000219	0.002614	1	0.802967
25.250000	0.011877	0.354425	0.354128	0.000161	0.002405	1	0.820673
25.300000	0.011559	0.355003	0.354714	0.000118	0.002168	1	0.838409
25.350000	0.011962	0.355601	0.355302	0.000074	0.001889	1	0.856174
25.400000	0.011120	0.356157	0.355879	0.000041	0.001590	1	0.873968
25.450000	0.010448	0.356679	0.356418	0.000023	0.001294	1	0.891789
25.500000	0.010525	0.000000	0.356418	0.000010	0.001009	0	0.891789
25.550000	0.010367	0.000000	0.356418	0.000004	0.000709	0	0.891789
25.600000	0.010128	0.000000	0.356418	0.000002	0.000306	0	0.891789
25.650000	0.009678	0.000000	0.356418	0.000002	0.000150	0	0.891789
25.700000	0.009837	0.000000	0.356418	0.000001	0.000055	0	0.891789
25.750000	0.009703	0.000000	0.356418	0.000001	0.000010	0	0.891789
25.800000	0.009475	0.000000	0.356418	0.000001	0.000002	0	0.891789
25.850000	0.009321	0.000000	0.356418	0.000001	0.000002	0	0.891789
25.900000	0.009260	0.000000	0.356418	0.000001	0.000002	0	0.891789
25.950000	0.009637	0.000000	0.356418	0.000001	0.000001	0	0.891789
26.000000	0.009389	0.000000	0.356418	0.000000	0.000001	0	0.891789
26.050000	0.009324	0.000000	0.356418	0.000000	0.000001	0	0.891789
26.100000	0.009094	0.000000	0.356418	0.000000	0.000001	0	0.891789
26.150000	0.009232	0.000000	0.356418	0.000000	0.000001	0	0.891789
26.200000	0.008923	0.000000	0.356418	0.000000	0.000001	0	0.891789
26.250000	0.008944	0.000000	0.356418	0.000000	0.000002	0	0.891789
26.300000	0.009243	0.000000	0.356418	0.000000	0.000002	0	0.891789
26.350000	0.008935	0.000000	0.356418	0.000000	0.000002	0	0.891789
26.400000	0.009304	0.000000	0.356418	0.000000	0.000002	0	0.891789
26.450000	0.009837	0.000000	0.356418	0.000000	0.000002	0	0.891789
26.500000	0.009919	0.000000	0.356418	0.000000	0.000001	0	0.891789
26.550000	0.010141	0.000000	0.356418	0.000000	0.000001	0	0.891789
26.600000	0.010223	0.000000	0.356418	0.000000	0.000002	0	0.891789
26.650000	0.010083	0.000000	0.356418	0.000000	0.000002	0	0.891789
26.700000	0.010081	0.000000	0.356418	0.000000	0.000002	0	0.891789
26.750000	0.010243	0.000000	0.356418	0.000000	0.000002	0	0.891789
26.800000	0.010022	0.000000	0.356418	0.000000	0.000002	0	0.891789
26.850000	0.010243	0.000000	0.356418	0.000000	0.000002	0	0.891789
26.900000	0.010374	0.000000	0.356418	0.000000	0.000002	0	0.891789
26.950000	0.010372	0.000000	0.356418	0.000000	0.000001	0	0.891789
27.000000	0.010603	0.000000	0.356418	0.000000	0.000001	0	0.891789
27.050000	0.010156	0.000000	0.356418	0.000000	0.000000	0	0.891789
27.100000	0.010011	0.000000	0.356418	0.000000	0.000000	0	0.891789
27.150000	0.010160	0.000000	0.356418	0.000000	0.000000	0	0.891789
27.200000	0.009851	0.000000	0.356418	0.000000	0.000000	0	0.891789
27.250000	0.009611	0.000000	0.356418	0.000000	0.000000	0	0.891789
27.300000	0.009910	0.000000	0.356418	0.000000	0.000000	0	0.891789
27.350000	0.009829	0.000000	0.356418	0.000000	0.000000	0	0.891789
27.400000	0.009675	0.000000	0.356418	0.000000	0.000000	0	0.891789
27.450000	0.009750	0.000000	0.356418	0.000000	0.000001	0	0.891789
27.500000	0.009835	0.000000	0.356418	0.000000	0.000001	0	0.891789
27.550000	0.009847	0.000000	0.356418	0.000000	0.000002	0	0.891789
27.600000	0.009993	0.000000	0.356418	0.000000	0.000003	0	0.891789
27.650000	0.009916	0.000000	0.356418	0.000000	0.000004	0	0.891789
27.700000	0.009916	0.000000	0.356418	0.000000	0.000005	0	0.891789
27.750000	0.009915	0.000000	0.356418	0.000000	0.000005	0	0.891789
27.800000	0.009760	0.000000	0.356418	0.000000	0.000005	0	0.891789
27.850000	0.010058	0.000000	0.356418	0.000000	0.000005	0	0.891789
27.900000	0.010290	0.000000	0.356418	0.000000	0.000004	0	0.891789
27.950000	0.010289	0.000000	0.356418	0.000000	0.000003	0	0.891789
28.000000	0.010752	0.000000	0.356418	0.000000	0.000002	0	0.891789
28.050000	0.010594	0.000000	0.356418	0.000000	0.000001	0	0.891789
28.100000	0.010599	0.000000	0.356418	0.000000	0.000001	0	0.891789
28.150000	0.010826	0.000000	0.356418	0.000000	0.000001	0	0.891789
28.200000	0.010671	0.000000	0.356418	0.000000	0.000001	0	0.891789
28.250000	0.010519	0.000000	0.356418	0.000000	0.000002	0	0.891789
28.300000	0.010674	0.000000	0.356418	0.000000	0.000002	0	0.891789
28.350000	0.010813	0.000000	0.356418	0.000000	0.000002	0	0.891789
28.400000	0.010349	0.000000	0.356418	0.000000	0.000003	0	0.891789
28.450000	0.010193	0.000000	0.356418	0.000000	0.000003	0	0.891789
28.500000	0.010129	0.000000	0.356418	0.000000	0.000003	0	0.891789
28.550000	0.009982	0.000000	0.356418	0.000000	0.000003	0	0.891789
28.600000	0.009905	0.000000	0.356418	0.000000	0.000003	0	0.891789
28.650000	0.009964	0.000000	0.356418	0.000000	0.000002	0	0.891789
28.700000	0.010036	0.000000	0.356418	0.000000	0.000001	0	0.891789
28.750000	0.010260	0.000000	0.356418	0.000000	0.000001	0	0.891789
28.800000	0.010326	0.000000	0.356418	0.000000	0.000001	0	0.891789
28.850000	0.010558	0.000000	0.356418	0.000000	0.000001	0	0.891789
28.900000	0.010484	0.000000	0.356418	0.000000	0.000001	0	0.891789
28.950000	0.010495	0.000000	0.356418	0.000000	0.000001	0	0.891789
29.000000	0.010661	0.000000	0.356418	0.000000	0.000001	0	0.891789
29.050000	0.011113	0.000000	0.356418	0.000000	0.000001	0	0.891789
29.100000	0.011043	0.000000	0.356418	0.000000	0.000001	0	0.891789
29.150000	0.010959	0.000000	0.356418	0.000000	0.000001	0	0.891789
29.200000	0.010795	0.000000	0.356418	0.000000	0.000001	0	0.891789
29.250000	0.010951	0.000000	0.356418	0.000000	0.000001	0	0.891789
29.300000	0.010509	0.000000	0.356418	0.000000	0.000002	0	0.891789
29.350000	0.010594	0.000000	0.356418	0.000000	0.000002	0	0.891789
29.400000	0.010047	0.000000	0.356418	0.000000	0.000002	0	0.891789
29.450000	0.009825	0.000000	0.356418	0.000000	0.000002	0	0.891789
29.500000	0.009669	0.000000	0.356418	0.000000	0.000001	0	0.891789
29.550000	0.009755	0.000000	0.356418	0.000000	0.000001	0	0.891789
29.600000	0.009438	0.000000	0.356418	0.000000	0.000001	0	0.891789
29.650000	0.009043	0.000000	0.356418	0.000001	0.000001	0	0.891789
29.700000	0.009052	0.000000	0.356418	0.000001	0.000002	0	0.891789
29.750000	0.009126	0.000000	0.356418	0.000001	0.000003	0	0.891789
29.800000	0.009046	0.000000	0.356418	0.000001	0.000004	0	0.891789
29.850000	0.009362	0.000000	0.356418	0.000000	0.000005	0	0.891789
29.900000	0.008971	0.000000	0.356418	0.000000	0.000005	0	0.891789
29.950000	0.009045	0.000000	0.356418	0.000000	0.000005	0	0.891789
30.000000	0.009118	0.000000	0.356418	0.000000	0.000005	0	0.891789
30.050000	0.009673	0.000000	0.356418	0.000000	0.000004	0	0.891789
30.100000	0.009827	0.000000	0.356418	0.000000	0.000003	0	0.891789
30.150000	0.009601	0.000000	0.356418	0.000000	0.000002	0	0.891789
30.200000	0.009516	0.000000	0.356418	0.000000	0.000001	0	0.891789
30.250000	0.009659	0.000000	0.356418	0.000000	0.000001	0	0.891789
30.300000	0.009814	0.000000	0.356418	0.000000	0.000001	0	0.891789
30.350000	0.009584	0.000000	0.356418	0.000000	0.000001	0	0.891789
30.400000	0.009653	0.000000	0.356418	0.000000	0.000003	0	0.891789
30.450000	0.009282	0.000000	0.356418	0.000000	0.000003	0	0.891789
30.500000	0.009132	0.000000	0.356418	0.000000	0.000004	0	0.891789
30.550000	0.009287	0.000000	0.356418	0.000000	0.000004	0	0.891789
30.600000	0.009519	0.000000	0.356418	0.000000	0.000003	0	0.891789
30.650000	0.009370	0.000000	0.356418	0.000000	0.000003	0	0.891789
30.700000	0.008977	0.000000	0.356418	0.000000	0.000002	0	0.891789
30.750000	0.008903	0.000000	0.356418	0.000000	0.000002	0	0.891789
30.800000	0.009066	0.000000	0.356418	0.000000	0.000002	0	0.891789
30.850000	0.008681	0.000000	0.356418	0.000000	0.000002	0	0.891789
30.900000	0.008606	0.000000	0.356418	0.000000	0.000002	0	0.891789
30.950000	0.008530	0.000000	0.356418	0.000000	0.000003	0	0.891789
31.000000	0.008671	0.000000	0.356418	0.000000	0.000003	0	0.891789
31.050000	0.007742	0.000000	0.356418	0.000000	0.000004	0	0.891789
31.100000	0.007418	0.000000	0.356418	0.000000	0.000007	0	0.891789
31.150000	0.006788	0.000000	0.356418	0.000001	0.000009	0	0.891789
31.200000	0.006265	0.000000	0.356418	0.000001	0.000012	0	0.891789
31.250000	0.005571	0.000000	0.356418	0.000002	0.000016	0	0.891789
31.300000	0.005031	0.000000	0.356418	0.000002	0.000022	0	0.891789
31.350000	0.005638	0.000000	0.356418	0.000002	0.000032	0	0.891789
31.400000	0.009467	0.000000	0.356418	0.000002	0.000059	0	0.891789
31.450000	0.004805	0.000000	0.356418	0.000003	0.000109	0	0.891789
31.500000	0.007516	0.000000	0.356418	0.000003	0.000179	0	0.891789
31.550000	0.004897	0.000000	0.356418	0.000003	0.000260	0	0.891789
31.600000	0.001475	0.000000	0.356418	0.000004	0.000322	0	0.891789
31.650000	-0.002258	0.000000	0.356418	0.000009	0.000353	0	0.891789
31.700000	-0.006379	-0.000319	-0.000159	0.000020	0.000360	1	0.891781
31.750000	-0.000937	-0.000366	-0.000342	0.000022	0.000352	1	0.891764
31.800000	-0.006268	-0.000679	-0.000522	0.000028	0.000322	1	0.891737
31.850000	-0.003126	-0.000835	-0.000757	0.000030	0.000273	1	0.891700
31.900000	0.001885	-0.000741	-0.000788	0.000029	0.000205	1	0.891660
31.950000	0.001453	-0.000669	-0.000705	0.000028	0.000131	1	0.891625
32.000000	-0.002373	-0.000787	-0.000728	0.000027	0.000066	1	0.891589
32.050000	-0.011367	-0.001356	-0.001071	0.000030	0.000047	1	0.891535
32.100000	-0.001039	-0.001408	-0.001382	0.000027	0.000060	1	0.891466
32.150000	0.000842	-0.001365	-0.001386	0.000021	0.000151	1	0.891397
32.200000	-0.006668	-0.001699	-0.001532	0.000018	0.000305	1	0.891320
32.250000	-0.010529	-0.002225	-0.001962	0.000020	0.000475	1	0.891222
32.300000	-0.002068	-0.002329	-0.002277	0.000020	0.000618	1	0.891108
32.350000	-0.006884	-0.002673	-0.002501	0.000021	0.000736	1	0.890983
32.400000	-0.014174	-0.003382	-0.003027	0.000028	0.000833	1	0.890832
32.450000	-0.013688	-0.004066	-0.003724	0.000035	0.000867	1	0.890645
32.500000	-0.016864	-0.004909	-0.004488	0.000046	0.000827	1	0.890421
32.550000	-0.020054	-0.005912	-0.005411	0.000054	0.000740	1	0.890151
32.600000	-0.020027	-0.006913	-0.006413	0.000056	0.000607	1	0.889830
32.650000	-0.024284	-0.008127	-0.007520	0.000067	0.000453	1	0.889454
32.700000	-0.021417	-0.009198	-0.008663	0.000076	0.000318	1	0.889021
32.750000	-0.025934	-0.010495	-0.009847	0.000078	0.000178	1	0.888528
32.800000	-0.026710	-0.011830	-0.011163	0.000069	0.000095	1	0.887970
32.850000	-0.019896	-0.012825	-0.012328	0.000061	0.000059	1	0.887354
32.900000	-0.016920	-0.013671	-0.013248	0.000056	0.000046	1	0.886691
32.950000	-0.024067	-0.014875	-0.014273	0.000036	0.000035	1	0.885978
33.000000	-0.013475	-0.015548	-0.015211	0.000024	0.000026	1	0.885217
33.050000	-0.019274	-0.016512	-0.016030	0.000020	0.000021	1	0.884416
33.100000	-0.013808	-0.017202	-0.016857	0.000020	0.000019	1	0.883573
33.150000	-0.013961	-0.017900	-0.017551	0.000022	0.000016	1	0.882695
33.200000	-0.014395	-0.018620	-0.018260	0.000025	0.000014	1	0.881782
33.250000	-0.015342	-0.019387	-0.019004	0.000026	0.000016	1	0.880832
33.300000	-0.012938	-0.020034	-0.019711	0.000027	0.000015	1	0.879847
33.350000	-0.011883	-0.020628	-0.020331	0.000029	0.000019	1	0.878830
33.400000	-0.014279	-0.021342	-0.020985	0.000023	0.000020	1	0.877781
33.450000	-0.018710	-0.022278	-0.021810	0.000014	0.000026	1	0.876690
33.500000	-0.016001	-0.023078	-0.022678	0.000012	0.000045	1	0.875556
33.550000	-0.013465	-0.023751	-0.023414	0.000012	0.000077	1	0.874386
33.600000	-0.009293	0.000000	-0.023414	0.000008	0.000082	0	0.874386
33.650000	-0.011234	0.000000	-0.023414	0.000008	0.000081	0	0.874386
33.700000	-0.003970	-0.000198	-0.000099	0.000013	0.000078	1	0.874381
33.750000	-0.004964	-0.000447	-0.000323	0.000019	0.000072	1	0.874364
33.800000	-0.005174	-0.000705	-0.000576	0.000023	0.000058	1	0.874336
33.850000	-0.007027	-0.001057	-0.000881	0.000024	0.000046	1	0.874292
33.900000	-0.005827	-0.001348	-0.001202	0.000024	0.000038	1	0.874232
33.950000	-0.001296	-0.001413	-0.001380	0.000030	0.000028	1	0.874162
34.000000	-0.001060	-0.001466	-0.001439	0.000035	0.000019	1	0.874091
34.050000	-0.000685	-0.001500	-0.001483	0.000037	0.000011	1	0.874016
34.100000	-0.000380	-0.001519	-0.001510	0.000029	0.000005	1	0.873941
34.150000	-0.000327	-0.001536	-0.001527	0.000021	0.000004	1	0.873865
34.200000	0.000359	-0.001518	-0.001527	0.000016	0.000002	1	0.873788
34.250000	-0.002232	-0.001629	-0.001573	0.000013	0.000012	1	0.873710
34.300000	-0.002026	0.000000	-0.001573	0.000007	0.000022	0	0.873710
34.350000	-0.001801	0.000000	-0.001573	0.000006	0.000032	0	0.873710
34.400000	-0.001651	0.000000	-0.001573	0.000006	0.000041	0	0.873710
34.450000	-0.001729	0.000000	-0.001573	0.000005	0.000050	0	0.873710
34.500000	-0.001664	0.000000	-0.001573	0.000003	0.000056	0	0.873710
34.550000	-0.001680	0.000000	-0.001573	0.000001	0.000057	0	0.873710
34.600000	-0.001609	0.000000	-0.001573	0.000001	0.000054	0	0.873710
34.650000	-0.001445	0.000000	-0.001573	0.000001	0.000049	0	0.873710
34.700000	-0.001205	0.000000	-0.001573	0.000001	0.000042	0	0.873710
34.750000	-0.001205	0.000000	-0.001573	0.000001	0.000032	0	0.873710
34.800000	-0.001342	0.000000	-0.001573	0.000000	0.000015	0	0.873710
34.850000	-0.001122	0.000000	-0.001573	0.000000	0.000003	0	0.873710
34.900000	-0.001279	0.000000	-0.001573	0.000000	0.000002	0	0.873710
34.950000	-0.001039	0.000000	-0.001573	0.000000	0.000001	0	0.873710
35.000000	-0.000946	0.000000	-0.001573	0.000000	0.000001	0	0.873710
35.050000	-0.001182	0.000000	-0.001573	0.000000	0.000001	0	0.873710
35.100000	-0.000658	0.000000	-0.001573	0.000000	0.000001	0	0.873710
35.150000	-0.000566	0.000000	-0.001573	0.000000	0.000001	0	0.873710
35.200000	-0.000411	0.000000	-0.001573	0.000000	0.000000	0	0.873710
35.250000	-0.000707	0.000000	-0.001573	0.000000	0.000000	0	0.873710
35.300000	-0.000723	0.000000	-0.001573	0.000000	0.000001	0	0.873710
35.350000	-0.000798	0.000000	-0.001573	0.000000	0.000001	0	0.873710
35.400000	-0.000643	0.000000	-0.001573	0.000000	0.000001	0	0.873710
35.450000	-0.000788	0.000000	-0.001573	0.000000	0.000000	0	0.873710
35.500000	-0.000386	0.000000	-0.001573	0.000000	0.000000	0	0.873710
35.550000	-0.000603	0.000000	-0.001573	0.000000	0.000000	0	0.873710
35.600000	-0.000916	0.000000	-0.001573	0.000000	0.000001	0	0.873710
35.650000	-0.000924	0.000000	-0.001573	0.000000	0.000001	0	0.873710
35.700000	-0.000919	0.000000	-0.001573	0.000000	0.000001	0	0.873710
35.750000	-0.001126	0.000000	-0.001573	0.000000	0.000001	0	0.873710
35.800000	-0.001365	0.000000	-0.001573	0.000000	0.000001	0	0.873710
35.850000	-0.001514	0.000000	-0.001573	0.000000	0.000002	0	0.873710
35.900000	-0.001367	0.000000	-0.001573	0.000000	0.000002	0	0.873710
35.950000	-0.001588	0.000000	-0.001573	0.000000	0.000003	0	0.873710
36.000000	-0.001590	0.000000	-0.001573	0.000000	0.000004	0	0.873710
36.050000	-0.002053	0.000000	-0.001573	0.000000	0.000004	0	0.873710
36.100000	-0.001758	0.000000	-0.001573	0.000000	0.000004	0	0.873710
36.150000	-0.002295	0.000000	-0.001573	0.000000	0.000004	0	0.873710
36.200000	-0.002080	0.000000	-0.001573	0.000000	0.000004	0	0.873710
36.250000	-0.001839	0.000000	-0.001573	0.000000	0.000003	0	0.873710
36.300000	-0.001691	0.000000	-0.001573	0.000000	0.000003	0	0.873710
36.350000	-0.001379	0.000000	-0.001573	0.000000	0.000002	0	0.873710
36.400000	-0.001156	0.000000	-0.001573	0.000000	0.000002	0	0.873710
36.450000	-0.000845	0.000000	-0.001573	0.000000	0.000001	0	0.873710
36.500000	-0.000612	0.000000	-0.001573	0.000000	0.000001	0	0.873710
36.550000	-0.000304	0.000000	-0.001573	0.000000	0.000000	0	0.873710
36.600000	-0.000087	0.000000	-0.001573	0.000001	0.000001	0	0.873710
36.650000	-0.000169	0.000000	-0.001573	0.000001	0.000001	0	0.873710
36.700000	-0.000162	0.000000	-0.001573	0.000001	0.000001	0	0.873710
36.750000	-0.000398	0.000000	-0.001573	0.000001	0.000002	0	0.873710
36.800000	-0.000403	0.000000	-0.001573	0.000001	0.000002	0	0.873710
36.850000	-0.000245	0.000000	-0.001573	0.000000	0.000003	0	0.873710
36.900000	-0.000089	0.000000	-0.001573	0.000000	0.000004	0	0.873710
36.950000	-0.000156	0.000000	-0.001573	0.000000	0.000004	0	0.873710
37.000000	-0.000077	0.000000	-0.001573	0.000000	0.000005	0	0.873710
37.050000	-0.000090	0.000000	-0.001573	0.000000	0.000005	0	0.873710
37.100000	-0.000239	0.000000	-0.001573	0.000000	0.000004	0	0.873710
37.150000	-0.000940	0.000000	-0.001573	0.000000	0.000004	0	0.873710
37.200000	-0.001545	0.000000	-0.001573	0.000000	0.000004	0	0.873710
37.250000	-0.001225	0.000000	-0.001573	0.000000	0.000005	0	0.873710
37.300000	-0.001217	0.000000	-0.001573	0.000000	0.000004	0	0.873710
37.350000	-0.002062	0.000000	-0.001573	0.000000	0.000003	0	0.873710
37.400000	-0.004258	0.000000	-0.001573	0.000001	0.000003	0	0.873710
37.450000	-0.005760	0.000000	-0.001573	0.000003	0.000003	0	0.873710
37.500000	-0.005528	0.000000	-0.001573	0.000005	0.000002	0	0.873710
37.550000	-0.005765	0.000000	-0.001573	0.000006	0.000002	0	0.873710
37.600000	-0.010092	0.000000	-0.001573	0.000010	0.000002	0	0.873710
37.650000	-0.020187	-0.001009	-0.000505	0.000031	0.000007	1	0.873684
37.700000	-0.024000	-0.002209	-0.001609	0.000060	0.000010	1	0.873604
37.750000	-0.028189	-0.003619	-0.002914	0.000093	0.000011	1	0.873458
37.800000	-0.025628	-0.004900	-0.004259	0.000112	0.000012	1	0.873245
37.850000	-0.029729	-0.006387	-0.005643	0.000133	0.000014	1	0.872963
37.900000	-0.025832	-0.007678	-0.007032	0.000135	0.000017	1	0.872611
37.950000	-0.026168	-0.008987	-0.008332	0.000128	0.000016	1	0.872195
38.000000	-0.028264	-0.010400	-0.009693	0.000117	0.000015	1	0.871710
38.050000	-0.020108	-0.011405	-0.010902	0.000098	0.000015	1	0.871165
38.100000	-0.017242	-0.012267	-0.011836	0.000080	0.000028	1	0.870573
38.150000	-0.011898	-0.012862	-0.012565	0.000066	0.000041	1	0.869945
38.200000	-0.013531	-0.013539	-0.013200	0.000050	0.000053	1	0.869285
38.250000	-0.003814	-0.013729	-0.013634	0.000063	0.000059	1	0.868603
38.300000	0.005916	-0.013434	-0.013582	0.000121	0.000063	1	0.867924
38.350000	0.010465	-0.012910	-0.013172	0.000189	0.000061	1	0.867265
38.400000	0.016161	-0.012102	-0.012506	0.000259	0.000059	1	0.866640
38.450000	0.016302	-0.011287	-0.011695	0.000313	0.000055	1	0.866055
38.500000	0.021969	-0.010189	-0.010738	0.000351	0.000047	1	0.865519
38.550000	0.021552	-0.009111	-0.009650	0.000369	0.000033	1	0.865036
38.600000	0.021507	-0.008036	-0.008573	0.000355	0.000016	1	0.864607
38.650000	0.024972	-0.006787	-0.007412	0.000308	0.000019	1	0.864237
38.700000	0.019569	-0.005809	-0.006298	0.000256	0.000028	1	0.863922
38.750000	0.021058	-0.004756	-0.005282	0.000199	0.000049	1	0.863658
38.800000	0.015999	-0.003956	-0.004356	0.000145	0.000066	1	0.863440
38.850000	0.016881	-0.003112	-0.003534	0.000074	0.000076	1	0.863263
38.900000	0.010956	-0.002564	-0.002838	0.000036	0.000077	1	0.863121
38.950000	0.011620	-0.001983	-0.002274	0.000024	0.000072	1	0.863008
39.000000	0.011293	-0.001418	-0.001701	0.000023	0.000073	1	0.862923
39.050000	0.010097	-0.000914	-0.001166	0.000027	0.000082	1	0.862864
39.100000	0.008032	-0.000512	-0.000713	0.000034	0.000084	1	0.862829
39.150000	0.007087	-0.000158	-0.000335	0.000038	0.000081	1	0.862812
39.200000	0.003076	-0.000004	-0.000081	0.000046	0.000082	1	0.862808
39.250000	0.003532	0.000173	0.000084	0.000049	0.000090	1	0.862812
39.300000	0.003236	0.000335	0.000254	0.000041	0.000102	1	0.862825
39.350000	0.003004	0.000485	0.000410	0.000037	0.000108	1	0.862845
39.400000	0.000158	0.000493	0.000489	0.000031	0.000097	1	0.862870
39.450000	-0.000347	0.000475	0.000484	0.000029	0.000073	1	0.862894
39.500000	0.000413	0.000496	0.000486	0.000022	0.000040	1	0.862918
39.550000	0.000795	0.000536	0.000516	0.000021	0.000019	1	0.862944
39.600000	0.000258	0.000549	0.000542	0.000018	0.000016	1	0.862971
39.650000	-0.000139	0.000542	0.000545	0.000013	0.000017	1	0.862998
39.700000	-0.000526	0.000000	0.000545	0.000009	0.000022	0	0.862998
39.750000	-0.000844	0.000000	0.000545	0.000006	0.000025	0	0.862998
39.800000	-0.001467	0.000000	0.000545	0.000004	0.000028	0	0.862998
39.850000	-0.001548	0.000000	0.000545	0.000003	0.000032	0	0.862998
39.900000	-0.001383	0.000000	0.000545	0.000003	0.000034	0	0.862998
39.950000	-0.001770	0.000000	0.000545	0.000002	0.000035	0	0.862998
40.000000	-0.001846	0.000000	0.000545	0.000001	0.000033	0	0.862998
40.050000	-0.001319	0.000000	0.000545	0.000001	0.000028	0	0.862998
40.100000	-0.001245	0.000000	0.000545	0.000001	0.000019	0	0.862998
40.150000	-0.001011	0.000000	0.000545	0.000001	0.000009	0	0.862998
40.200000	-0.000775	0.000000	0.000545	0.000000	0.000002	0	0.862998
40.250000	-0.001141	0.000000	0.000545	0.000000	0.000001	0	0.862998
40.300000	-0.001372	0.000000	0.000545	0.000000	0.000001	0	0.862998
40.350000	-0.001290	0.000000	0.000545	0.000000	0.000001	0	0.862998
40.400000	-0.001134	0.000000	0.000545	0.000000	0.000000	0	0.862998
40.450000	-0.000825	0.000000	0.000545	0.000000	0.000000	0	0.862998
40.500000	-0.000507	0.000000	0.000545	0.000000	0.000000	0	0.862998
40.550000	-0.000897	0.000000	0.000545	0.000000	0.000000	0	0.862998
40.600000	-0.000352	0.000000	0.000545	0.000000	0.000000	0	0.862998
40.650000	-0.000504	0.000000	0.000545	0.000000	0.000000	0	0.862998
40.700000	-0.000565	0.000000	0.000545	0.000000	0.000000	0	0.862998
40.750000	-0.000485	0.000000	0.000545	0.000000	0.000000	0	0.862998
40.800000	-0.000945	0.000000	0.000545	0.000000	0.000000	0	0.862998
40.850000	-0.000786	0.000000	0.000545	0.000000	0.000000	0	0.862998
40.900000	-0.000265	0.000000	0.000545	0.000000	0.000000	0	0.862998
40.950000	-0.000338	0.000000	0.000545	0.000000	0.000000	0	0.862998
41.000000	-0.000505	0.000000	0.000545	0.000000	0.000000	0	0.862998
41.050000	-0.000884	0.000000	0.000545	0.000000	0.000000	0	0.862998
41.100000	-0.000961	0.000000	0.000545	0.000000	0.000000	0	0.862998
41.150000	-0.001198	0.000000	0.000545	0.000000	0.000000	0	0.862998
41.200000	-0.001046	0.000000	0.000545	0.000000	0.000000	0	0.862998
41.250000	-0.001120	0.000000	0.000545	0.000000	0.000000	0	0.862998
41.300000	-0.000903	0.000000	0.000545	0.000000	0.000000	0	0.862998
41.350000	-0.001438	0.000000	0.000545	0.000000	0.000000	0	0.862998
41.400000	-0.001356	0.000000	0.000545	0.000000	0.000000	0	0.862998
41.450000	-0.001055	0.000000	0.000545	0.000000	0.000000	0	0.862998
41.500000	-0.001142	0.000000	0.000545	0.000000	0.000000	0	0.862998
41.550000	-0.001455	0.000000	0.000545	0.000000	0.000000	0	0.862998
41.600000	-0.001308	0.000000	0.000545	0.000000	0.000000	0	0.862998
41.650000	-0.001140	0.000000	0.000545	0.000000	0.000000	0	0.862998
41.700000	-0.000759	0.000000	0.000545	0.000000	0.000000	0	0.862998
41.750000	-0.000473	0.000000	0.000545	0.000000	0.000000	0	0.862998
41.800000	-0.000317	0.000000	0.000545	0.000000	0.000000	0	0.862998
41.850000	-0.000173	0.000000	0.000545	0.000000	0.000000	0	0.862998
41.900000	-0.000245	0.000000	0.000545	0.000000	0.000000	0	0.862998
41.950000	-0.000472	0.000000	0.000545	0.000000	0.000000	0	0.862998
42.000000	-0.000014	0.000000	0.000545	0.000000	0.000001	0	0.862998
42.050000	0.000212	0.000000	0.000545	0.000000	0.000002	0	0.862998
42.100000	0.000447	0.000000	0.000545	0.000000	0.000002	0	0.862998
42.150000	0.000602	0.000000	0.000545	0.000000	0.000003	0	0.862998
42.200000	0.001221	0.000000	0.000545	0.000001	0.000003	0	0.862998
42.250000	0.000998	0.000000	0.000545	0.000001	0.000003	0	0.862998
42.300000	0.001061	0.000000	0.000545	0.000000	0.000003	0	0.862998
42.350000	0.001051	0.000000	0.000545	0.000000	0.000003	0	0.862998
42.400000	0.000840	0.000000	0.000545	0.000000	0.000003	0	0.862998
42.450000	0.001374	0.000000	0.000545	0.000000	0.000003	0	0.862998
42.500000	0.001606	0.000000	0.000545	0.000000	0.000002	0	0.862998
42.550000	0.001842	0.000000	0.000545	0.000000	0.000001	0	0.862998
42.600000	0.001993	0.000000	0.000545	0.000000	0.000000	0	0.862998
42.650000	0.002205	0.000000	0.000545	0.000000	0.000001	0	0.862998
42.700000	0.001966	0.000000	0.000545	0.000000	0.000001	0	0.862998
42.750000	0.002039	0.000000	0.000545	0.000000	0.000002	0	0.862998
42.800000	0.001583	0.000000	0.000545	0.000000	0.000002	0	0.862998
42.850000	0.001332	0.000000	0.000545	0.000000	0.000004	0	0.862998
42.900000	0.001256	0.000000	0.000545	0.000000	0.000010	0	0.862998
42.950000	0.000941	0.000000	0.000545	0.000000	0.000026	0	0.862998
43.000000	-0.002387	0.000000	0.000545	0.000001	0.000059	0	0.862998
43.050000	-0.004636	0.000000	0.000545	0.000004	0.000130	0	0.862998
43.100000	-0.010910	-0.000546	-0.000273	0.000015	0.000358	1	0.862985
43.150000	-0.013252	-0.001208	-0.000877	0.000029	0.000733	1	0.862941
43.200000	-0.015996	-0.002008	-0.001608	0.000045	0.001218	1	0.862861
43.250000	-0.017987	-0.002907	-0.002458	0.000062	0.001830	1	0.862738
43.300000	-0.026553	-0.004235	-0.003571	0.000097	0.002464	1	0.862559
43.350000	-0.032062	-0.005838	-0.005036	0.000141	0.002961	1	0.862307
43.400000	-0.046254	-0.008151	-0.006994	0.000236	0.003157	1	0.861958
43.450000	-0.057274	-0.011014	-0.009583	0.000370	0.003144	1	0.861478
43.500000	-0.068133	-0.014421	-0.012718	0.000538	0.002968	1	0.860843
43.550000	-0.074617	-0.018152	-0.016286	0.000693	0.002692	1	0.860028
43.600000	-0.079341	-0.022119	-0.020135	0.000810	0.002221	1	0.859021
43.650000	-0.079826	-0.026110	-0.024115	0.000865	0.001697	1	0.857816
43.700000	-0.082978	-0.030259	-0.028185	0.000873	0.001168	1	0.856407
43.750000	-0.080239	-0.034271	-0.032265	0.000832	0.000754	1	0.854793
43.800000	-0.080003	-0.038271	-0.036271	0.000742	0.000451	1	0.852980
43.850000	-0.080336	-0.042288	-0.040280	0.000613	0.000369	1	0.850966
43.900000	-0.082926	-0.046434	-0.044361	0.000450	0.000798	1	0.848748
43.950000	-0.081666	-0.050518	-0.048476	0.000299	0.001527	1	0.846324
44.000000	-0.078794	-0.054457	-0.052487	0.000150	0.002336	1	0.843699
44.050000	-0.071592	-0.058037	-0.056247	0.000066	0.003050	1	0.840887
44.100000	-0.065379	-0.061306	-0.059671	0.000038	0.003657	1	0.837904
44.150000	-0.059887	-0.064300	-0.062803	0.000053	0.004269	1	0.834763
44.200000	-0.055651	-0.067083	-0.065692	0.000089	0.004795	1	0.831479
44.250000	-0.054817	-0.069824	-0.068453	0.000122	0.005021	1	0.828056
44.300000	-0.053999	-0.072524	-0.071174	0.000148	0.004964	1	0.824498
44.350000	-0.046280	-0.074838	-0.073681	0.000183	0.004507	1	0.820813
44.400000	-0.045735	-0.077124	-0.075981	0.000210	0.003877	1	0.817014
44.450000	-0.046226	-0.079436	-0.078280	0.000221	0.003150	1	0.813100
44.500000	-0.049419	-0.081907	-0.080671	0.000208	0.002430	1	0.809067
44.550000	-0.045082	-0.084161	-0.083034	0.000178	0.001955	1	0.804915
44.600000	-0.042279	-0.086275	-0.085218	0.000140	0.001606	1	0.800654
44.650000	-0.041449	-0.088347	-0.087311	0.000096	0.001308	1	0.796289
44.700000	-0.037877	-0.090241	-0.089294	0.000071	0.000990	1	0.791824
44.750000	-0.034796	-0.091981	-0.091111	0.000060	0.000678	1	0.787269
44.800000	-0.034349	-0.093698	-0.092839	0.000055	0.000510	1	0.782627
44.850000	-0.034121	-0.095404	-0.094551	0.000053	0.000480	1	0.777899
44.900000	-0.032724	-0.097040	-0.096222	0.000049	0.000460	1	0.773088
44.950000	-0.032180	-0.098649	-0.097845	0.000041	0.000500	1	0.768196
45.000000	-0.037400	-0.100519	-0.099584	0.000038	0.000517	1	0.763216
45.050000	-0.038832	-0.102461	-0.101490	0.000034	0.000422	1	0.758142
45.100000	-0.039604	-0.104441	-0.103451	0.000029	0.000312	1	0.752969
45.150000	-0.036241	-0.106253	-0.105347	0.000018	0.000175	1	0.747702
45.200000	-0.037721	-0.108139	-0.107196	0.000012	0.000134	1	0.742342
45.250000	-0.037011	0.000000	-0.107196	0.000008	0.000110	0	0.742342
45.300000	-0.037007	0.000000	-0.107196	0.000006	0.000090	0	0.742342
45.350000	-0.036934	0.000000	-0.107196	0.000006	0.000079	0	0.742342
45.400000	-0.037979	0.000000	-0.107196	0.000006	0.000060	0	0.742342
45.450000	-0.036226	0.000000	-0.107196	0.000005	0.000052	0	0.742342
45.500000	-0.037317	0.000000	-0.107196	0.000005	0.000047	0	0.742342
45.550000	-0.037081	0.000000	-0.107196	0.000003	0.000036	0	0.742342
45.600000	-0.037062	0.000000	-0.107196	0.000001	0.000024	0	0.742342
45.650000	-0.036555	0.000000	-0.107196	0.000001	0.000015	0	0.742342
45.700000	-0.036197	0.000000	-0.107196	0.000001	0.000008	0	0.742342
45.750000	-0.036235	0.000000	-0.107196	0.000000	0.000001	0	0.742342
45.800000	-0.036460	0.000000	-0.107196	0.000000	0.000001	0	0.742342
45.850000	-0.037141	0.000000	-0.107196	0.000000	0.000001	0	0.742342
45.900000	-0.036135	0.000000	-0.107196	0.000000	0.000001	0	0.742342
45.950000	-0.036383	0.000000	-0.107196	0.000000	0.000000	0	0.742342
46.000000	-0.036335	0.000000	-0.107196	0.000000	0.000000	0	0.742342
46.050000	-0.036672	0.000000	-0.107196	0.000000	0.000000	0	0.742342
46.100000	-0.035906	0.000000	-0.107196	0.000000	0.000000	0	0.742342
46.150000	-0.034463	0.000000	-0.107196	0.000000	0.000000	0	0.742342
46.200000	-0.034504	0.000000	-0.107196	0.000001	0.000000	0	0.742342
46.250000	-0.035391	0.000000	-0.107196	0.000001	0.000000	0	0.742342
46.300000	-0.036328	0.000000	-0.107196	0.000001	0.000000	0	0.742342
46.350000	-0.035366	0.000000	-0.107196	0.000001	0.000000	0	0.742342
46.400000	-0.035683	0.000000	-0.107196	0.000001	0.000001	0	0.742342
46.450000	-0.035031	0.000000	-0.107196	0.000001	0.000001	0	0.742342
46.500000	-0.037060	0.000000	-0.107196	0.000001	0.000001	0	0.742342
46.550000	-0.036857	0.000000	-0.107196	0.000001	0.000001	0	0.742342
46.600000	-0.038254	0.000000	-0.107196	0.000001	0.000001	0	0.742342
46.650000	-0.037632	0.000000	-0.107196	0.000001	0.000001	0	0.742342
46.700000	-0.038159	0.000000	-0.107196	0.000002	0.000001	0	0.742342
46.750000	-0.038470	0.000000	-0.107196	0.000002	0.000001	0	0.742342
46.800000	-0.039902	0.000000	-0.107196	0.000003	0.000001	0	0.742342
46.850000	-0.039498	0.000000	-0.107196	0.000003	0.000001	0	0.742342
46.900000	-0.038363	0.000000	-0.107196	0.000003	0.000001	0	0.742342
46.950000	-0.037763	0.000000	-0.107196	0.000002	0.000001	0	0.742342
47.000000	-0.039091	0.000000	-0.107196	0.000002	0.000001	0	0.742342
47.050000	-0.037936	0.000000	-0.107196	0.000002	0.000001	0	0.742342
47.100000	-0.038877	0.000000	-0.107196	0.000001	0.000001	0	0.742342
47.150000	-0.036447	0.000000	-0.107196	0.000001	0.000001	0	0.742342
47.200000	-0.037019	0.000000	-0.107196	0.000001	0.000001	0	0.742342
47.250000	-0.036835	0.000000	-0.107196	0.000001	0.000001	0	0.742342
47.300000	-0.038070	0.000000	-0.107196	0.000001	0.000001	0	0.742342
47.350000	-0.036647	0.000000	-0.107196	0.000001	0.000001	0	0.742342
47.400000	-0.037098	0.000000	-0.107196	0.000001	0.000001	0	0.742342
47.450000	-0.036622	0.000000	-0.107196	0.000001	0.000001	0	0.742342
47.500000	-0.036603	0.000000	-0.107196	0.000001	0.000001	0	0.742342
47.550000	-0.037500	0.000000	-0.107196	0.000001	0.000001	0	0.742342
47.600000	-0.037131	0.000000	-0.107196	0.000001	0.000001	0	0.742342
47.650000	-0.035693	0.000000	-0.107196	0.000001	0.000001	0	0.742342
47.700000	-0.035566	0.000000	-0.107196	0.000001	0.000001	0	0.742342
47.750000	-0.036686	0.000000	-0.107196	0.000001	0.000001	0	0.742342
47.800000	-0.037399	0.000000	-0.107196	0.000001	0.000001	0	0.742342
47.850000	-0.037622	0.000000	-0.107196	0.000001	0.000001	0	0.742342
47.900000	-0.036593	0.000000	-0.107196	0.000001	0.000001	0	0.742342
47.950000	-0.035329	0.000000	-0.107196	0.000001	0.000001	0	0.742342
48.000000	-0.034959	0.000000	-0.107196	0.000001	0.000001	0	0.742342
48.050000	-0.034463	0.000000	-0.107196	0.000001	0.000001	0	0.742342
48.100000	-0.036321	0.000000	-0.107196	0.000001	0.000002	0	0.742342
48.150000	-0.037419	0.000000	-0.107196	0.000001	0.000002	0	0.742342
48.200000	-0.036389	0.000000	-0.107196	0.000001	0.000002	0	0.742342
48.250000	-0.036115	0.000000	-0.107196	0.000001	0.000002	0	0.742342
48.300000	-0.035318	0.000000	-0.107196	0.000001	0.000003	0	0.742342
48.350000	-0.034393	0.000000	-0.107196	0.000001	0.000004	0	0.742342
48.400000	-0.031847	0.000000	-0.107196	0.000003	0.000005	0	0.742342
48.450000	-0.032261	0.000000	-0.107196	0.000003	0.000006	0	0.742342
48.500000	-0.033583	0.000000	-0.107196	0.000003	0.000006	0	0.742342
48.550000	-0.034267	0.000000	-0.107196	0.000003	0.000006	0	0.742342
48.600000	-0.035595	0.000000	-0.107196	0.000003	0.000006	0	0.742342
48.650000	-0.036734	0.000000	-0.107196	0.000003	0.000023	0	0.742342
48.700000	-0.036692	0.000000	-0.107196	0.000003	0.000051	0	0.742342
48.750000	-0.035882	0.000000	-0.107196	0.000003	0.000104	0	0.742342
48.800000	-0.036585	0.000000	-0.107196	0.000003	0.000137	0	0.742342
48.850000	-0.040646	0.000000	-0.107196	0.000005	0.000151	0	0.742342
48.900000	-0.044196	-0.002210	-0.001105	0.000012	0.000148	1	0.742287
48.950000	-0.046178	-0.004519	-0.003364	0.000020	0.000141	1	0.742119
49.000000	-0.047864	-0.006912	-0.005715	0.000029	0.000132	1	0.741833
49.050000	-0.048845	-0.009354	-0.008133	0.000035	0.000120	1	0.741426
49.100000	-0.048899	-0.011799	-0.010577	0.000038	0.000107	1	0.740898
49.150000	-0.048876	-0.014243	-0.013021	0.000038	0.000091	1	0.740246
49.200000	-0.053194	-0.016903	-0.015573	0.000043	0.000070	1	0.739468
49.250000	-0.053226	-0.019564	-0.018233	0.000045	0.000070	1	0.738556
49.300000	-0.055081	-0.022318	-0.020941	0.000047	0.000136	1	0.737509
49.350000	-0.054484	-0.025042	-0.023680	0.000045	0.000230	1	0.736325
49.400000	-0.055010	-0.027793	-0.026417	0.000037	0.000352	1	0.735004
49.450000	-0.052675	-0.030426	-0.029110	0.000023	0.000464	1	0.733549
49.500000	-0.049895	-0.032921	-0.031674	0.000014	0.000560	1	0.731965
49.550000	-0.049132	-0.035378	-0.034149	0.000010	0.000667	1	0.730258
49.600000	-0.048016	0.000000	-0.034149	0.000009	0.000793	0	0.730258
49.650000	-0.041752	-0.002088	-0.001044	0.000015	0.001064	1	0.730205
49.700000	-0.040036	-0.004089	-0.003088	0.000024	0.001264	1	0.730051
49.750000	-0.036951	-0.005937	-0.005013	0.000038	0.001372	1	0.729800
49.800000	-0.033499	-0.007612	-0.006774	0.000058	0.001379	1	0.729462
49.850000	-0.026499	-0.008937	-0.008274	0.000091	0.001227	1	0.729048
49.900000	-0.022577	-0.010066	-0.009501	0.000128	0.000996	1	0.728573
49.950000	-0.017592	-0.010945	-0.010505	0.000167	0.000798	1	0.728048
50.000000	-0.015550	-0.011723	-0.011334	0.000197	0.000601	1	0.727481
50.050000	-0.010896	-0.012268	-0.011995	0.000222	0.000463	1	0.726881
50.100000	-0.009080	-0.012722	-0.012495	0.000236	0.000338	1	0.726256
50.150000	-0.005746	-0.013009	-0.012865	0.000247	0.000238	1	0.725613
50.200000	-0.000715	-0.013045	-0.013027	0.000254	0.000214	1	0.724962
50.250000	0.002262	-0.012931	-0.012988	0.000245	0.000278	1	0.724312
50.300000	-0.001248	-0.012994	-0.012963	0.000223	0.000550	1	0.723664
50.350000	-0.000076	-0.012998	-0.012996	0.000189	0.000821	1	0.723014
50.400000	0.000023	-0.012996	-0.012997	0.000149	0.001034	1	0.722365
50.450000	0.000796	-0.012957	-0.012977	0.000106	0.001193	1	0.721716
50.500000	0.000890	-0.012912	-0.012934	0.000077	0.001265	1	0.721069
50.550000	0.000885	-0.012868	-0.012890	0.000053	0.001258	1	0.720425
50.600000	0.001107	-0.012813	-0.012840	0.000036	0.001173	1	0.719783
50.650000	0.001116	-0.012757	-0.012785	0.000021	0.001016	1	0.719143
50.700000	0.001194	-0.012697	-0.012727	0.000012	0.000806	1	0.718507
50.750000	0.000896	0.000000	-0.012727	0.000005	0.000581	0	0.718507
50.800000	0.001054	0.000000	-0.012727	0.000001	0.000355	0	0.718507
50.850000	0.001279	0.000000	-0.012727	0.000001	0.000179	0	0.718507
50.900000	0.000978	0.000000	-0.012727	0.000001	0.000053	0	0.718507
50.950000	0.001196	0.000000	-0.012727	0.000000	0.000023	0	0.718507
51.000000	0.000965	0.000000	-0.012727	0.000000	0.000008	0	0.718507
51.050000	0.000980	0.000000	-0.012727	0.000000	0.000001	0	0.718507
51.100000	0.001453	0.000000	-0.012727	0.000000	0.000000	0	0.718507
51.150000	0.001372	0.000000	-0.012727	0.000000	0.000000	0	0.718507
51.200000	0.001227	0.000000	-0.012727	0.000000	0.000000	0	0.718507
51.250000	0.001147	0.000000	-0.012727	0.000000	0.000000	0	0.718507
51.300000	0.000916	0.000000	-0.012727	0.000000	0.000000	0	0.718507
51.350000	0.000931	0.000000	-0.012727	0.000000	0.000000	0	0.718507
51.400000	0.001455	0.000000	-0.012727	0.000000	0.000001	0	0.718507
51.450000	0.001522	0.000000	-0.012727	0.000000	0.000001	0	0.718507
51.500000	0.001217	0.000000	-0.012727	0.000000	0.000000	0	0.718507
51.550000	0.001218	0.000000	-0.012727	0.000000	0.000000	0	0.718507
51.600000	0.000921	0.000000	-0.012727	0.000000	0.000000	0	0.718507
51.650000	0.001217	0.000000	-0.012727	0.000000	0.000000	0	0.718507
51.700000	0.001129	0.000000	-0.012727	0.000000	0.000000	0	0.718507
51.750000	0.000737	0.000000	-0.012727	0.000000	0.000001	0	0.718507
51.800000	0.001040	0.000000	-0.012727	0.000000	0.000001	0	0.718507
51.850000	0.000959	0.000000	-0.012727	0.000000	0.000001	0	0.718507
51.900000	0.001049	0.000000	-0.012727	0.000000	0.000001	0	0.718507
51.950000	0.001428	0.000000	-0.012727	0.000000	0.000001	0	0.718507
52.000000	0.001410	0.000000	-0.012727	0.000000	0.000001	0	0.718507
52.050000	0.001411	0.000000	-0.012727	0.000000	0.000002	0	0.718507
52.100000	0.001500	0.000000	-0.012727	0.000000	0.000002	0	0.718507
52.150000	0.001667	0.000000	-0.012727	0.000000	0.000002	0	0.718507
52.200000	0.001894	0.000000	-0.012727	0.000000	0.000001	0	0.718507
52.250000	0.002279	0.000000	-0.012727	0.000000	0.000001	0	0.718507
52.300000	0.002067	0.000000	-0.012727	0.000000	0.000001	0	0.718507
52.350000	0.002217	0.000000	-0.012727	0.000000	0.000001	0	0.718507
52.400000	0.002376	0.000000	-0.012727	0.000000	0.000001	0	0.718507
52.450000	0.002372	0.000000	-0.012727	0.000000	0.000001	0	0.718507
52.500000	0.002612	0.000000	-0.012727	0.000000	0.000000	0	0.718507
52.550000	0.002380	0.000000	-0.012727	0.000000	0.000000	0	0.718507
52.600000	0.002470	0.000000	-0.012727	0.000000	0.000000	0	0.718507
52.650000	0.002397	0.000000	-0.012727	0.000000	0.000000	0	0.718507
52.700000	0.002096	0.000000	-0.012727	0.000000	0.000000	0	0.718507
52.750000	0.001860	0.000000	-0.012727	0.000000	0.000000	0	0.718507
52.800000	0.002068	0.000000	-0.012727	0.000000	0.000000	0	0.718507
52.850000	0.001691	0.000000	-0.012727	0.000000	0.000000	0	0.718507
52.900000	0.001522	0.000000	-0.012727	0.000000	0.000000	0	0.718507
52.950000	0.001739	0.000000	-0.012727	0.000000	0.000000	0	0.718507
53.000000	0.002047	0.000000	-0.012727	0.000000	0.000000	0	0.718507
53.050000	0.000859	0.000000	-0.012727	0.000000	0.000002	0	0.718507
53.100000	0.001149	0.000000	-0.012727	0.000000	0.000009	0	0.718507
53.150000	0.002256	0.000000	-0.012727	0.000000	0.000030	0	0.718507
53.200000	0.004545	0.000000	-0.012727	0.000001	0.000113	0	0.718507
53.250000	0.006900	0.000000	-0.012727	0.000003	0.000309	0	0.718507
53.300000	0.010330	0.000000	-0.012727	0.000008	0.000663	0	0.718507
53.350000	0.015731	0.000787	0.000393	0.000020	0.001453	1	0.718527
53.400000	0.025249	0.002049	0.001418	0.000055	0.003682	1	0.718598
53.450000	0.039041	0.004001	0.003025	0.000140	0.008542	1	0.718749
53.500000	0.061491	0.000000	0.003025	0.000352	0.018677	0	0.718749
53.550000	0.088019	0.000000	0.003025	0.000775	0.038215	0	0.718749
53.600000	0.128893	0.000000	0.003025	0.001668	0.068911	0	0.718749
53.650000	0.176169	0.000000	0.003025	0.003272	0.108382	0	0.718749
53.700000	0.227867	0.000000	0.003025	0.005770	0.150632	0	0.718749
53.750000	0.285150	0.000000	0.003025	0.009369	0.193823	0	0.718749
53.800000	0.341533	0.000000	0.003025	0.013990	0.228050	0	0.718749
53.850000	0.401420	0.000000	0.003025	0.019613	0.251868	0	0.718749
53.900000	0.464435	0.000000	0.003025	0.026106	0.268178	0	0.718749
53.950000	0.529459	0.000000	0.003025	0.033195	0.273807	0	0.718749
54.000000	0.592388	0.000000	0.003025	0.040291	0.263671	0	0.718749
54.050000	0.658031	0.000000	0.003025	0.047079	0.245514	0	0.718749
54.100000	0.720823	0.000000	0.003025	0.052927	0.218423	0	0.718749
54.150000	0.775801	0.000000	0.003025	0.057165	0.184538	0	0.718749
54.200000	0.826742	0.000000	0.003025	0.059286	0.148076	0	0.718749
54.250000	0.861010	0.000000	0.003025	0.058895	0.113407	0	0.718749
54.300000	0.888301	0.000000	0.003025	0.056144	0.082887	0	0.718749
54.350000	0.913633	0.000000	0.003025	0.051553	0.058421	0	0.718749
54.400000	0.931575	0.000000	0.003025	0.045591	0.046135	0	0.718749
54.450000	0.950552	0.000000	0.003025	0.038761	0.043326	0	0.718749
54.500000	0.964831	0.000000	0.003025	0.031581	0.051685	0	0.718749
54.550000	0.976088	0.000000	0.003025	0.024619	0.075706	0	0.718749
54.600000	0.984126	0.000000	0.003025	0.018337	0.111449	0	0.718749
54.650000	0.991959	0.000000	0.003025	0.012970	0.151538	0	0.718749
54.700000	0.993504	0.000000	0.003025	0.008754	0.197024	0	0.718749
54.750000	0.993088	0.000000	0.003025	0.005699	0.241052	0	0.718749
54.800000	0.991981	0.000000	0.003025	0.003591	0.278165	0	0.718749
54.850000	0.991138	0.000000	0.003025	0.002291	0.305957	0	0.718749
54.900000	0.992244	0.000000	0.003025	0.001424	0.321469	0	0.718749
54.950000	0.994078	0.000000	0.003025	0.000835	0.320653	0	0.718749
55.000000	0.994644	0.000000	0.003025	0.000469	0.302549	0	0.718749
55.050000	0.995228	0.000000	0.003025	0.000229	0.273299	0	0.718749
55.100000	0.994935	0.000000	0.003025	0.000100	0.230781	0	0.718749
55.150000	0.994882	0.000000	0.003025	0.000038	0.180781	0	0.718749
55.200000	0.994715	0.000000	0.003025	0.000012	0.133260	0	0.718749
55.250000	0.994547	0.000000	0.003025	0.000003	0.090594	0	0.718749
55.300000	0.994935	0.000000	0.003025	0.000002	0.051714	0	0.718749
55.350000	0.994873	0.000000	0.003025	0.000002	0.025080	0	0.718749
55.400000	0.994658	0.000000	0.003025	0.000002	0.009616	0	0.718749
55.450000	0.994889	0.000000	0.003025	0.000002	0.002650	0	0.718749
55.500000	0.994517	0.000000	0.003025	0.000001	0.000520	0	0.718749
55.550000	0.994433	0.000000	0.003025	0.000000	0.000284	0	0.718749
55.600000	0.994124	0.000000	0.003025	0.000000	0.000167	0	0.718749
55.650000	0.993878	0.000000	0.003025	0.000000	0.000102	0	0.718749
55.700000	0.994193	0.000000	0.003025	0.000000	0.000049	0	0.718749
55.750000	0.994110	0.000000	0.003025	0.000000	0.000029	0	0.718749
55.800000	0.994269	0.000000	0.003025	0.000000	0.000027	0	0.718749
55.850000	0.994036	0.000000	0.003025	0.000000	0.000020	0	0.718749
55.900000	0.993658	0.000000	0.003025	0.000000	0.000016	0	0.718749
55.950000	0.993675	0.000000	0.003025	0.000000	0.000026	0	0.718749
56.000000	0.993454	0.000000	0.003025	0.000000	0.000037	0	0.718749
56.050000	0.993615	0.000000	0.003025	0.000000	0.000042	0	0.718749
56.100000	0.993621	0.000000	0.003025	0.000000	0.000043	0	0.718749
56.150000	0.994015	0.000000	0.003025	0.000000	0.000042	0	0.718749
56.200000	0.993657	0.000000	0.003025	0.000000	0.000039	0	0.718749
56.250000	0.993821	0.000000	0.003025	0.000000	0.000037	0	0.718749
56.300000	0.993995	0.000000	0.003025	0.000000	0.000032	0	0.718749
56.350000	0.994071	0.000000	0.003025	0.000000	0.000036	0	0.718749
56.400000	0.994468	0.000000	0.003025	0.000000	0.000047	0	0.718749
56.450000	0.995003	0.000000	0.003025	0.000000	0.000052	0	0.718749
56.500000	0.994946	0.000000	0.003025	0.000000	0.000061	0	0.718749
56.550000	0.995711	0.000000	0.003025	0.000000	0.000082	0	0.718749
56.600000	0.995314	0.000000	0.003025	0.000001	0.000116	0	0.718749
56.650000	0.995381	0.000000	0.003025	0.000001	0.000140	0	0.718749
56.700000	0.995598	0.000000	0.003025	0.000001	0.000143	0	0.718749
56.750000	0.995363	0.000000	0.003025	0.000001	0.000134	0	0.718749
56.800000	0.995365	0.000000	0.003025	0.000001	0.000119	0	0.718749
56.850000	0.995959	0.000000	0.003025	0.000001	0.000099	0	0.718749
56.900000	0.996100	0.000000	0.003025	0.000000	0.000084	0	0.718749
56.950000	0.996091	0.000000	0.003025	0.000000	0.000066	0	0.718749
57.000000	0.995837	0.000000	0.003025	0.000000	0.000055	0	0.718749
57.050000	0.995520	0.000000	0.003025	0.000000	0.000048	0	0.718749
57.100000	0.994818	0.000000	0.003025	0.000000	0.000035	0	0.718749
57.150000	0.995043	0.000000	0.003025	0.000000	0.000027	0	0.718749
57.200000	0.994812	0.000000	0.003025	0.000000	0.000032	0	0.718749
57.250000	0.995274	0.000000	0.003025	0.000000	0.000033	0	0.718749
57.300000	0.995494	0.000000	0.003025	0.000000	0.000024	0	0.718749
57.350000	0.995635	0.000000	0.003025	0.000000	0.000024	0	0.718749
57.400000	0.995949	0.000000	0.003025	0.000000	0.000028	0	0.718749
57.450000	0.995722	0.000000	0.003025	0.000000	0.000039	0	0.718749
57.500000	0.995654	0.000000	0.003025	0.000000	0.000057	0	0.718749
57.550000	0.996053	0.000000	0.003025	0.000000	0.000095	0	0.718749
57.600000	0.996378	0.000000	0.003025	0.000000	0.000142	0	0.718749
57.650000	0.997025	0.000000	0.003025	0.000000	0.000185	0	0.718749
57.700000	0.997287	0.000000	0.003025	0.000001	0.000216	0	0.718749
57.750000	0.997467	0.000000	0.003025	0.000001	0.000225	0	0.718749
57.800000	0.997332	0.000000	0.003025	0.000001	0.000212	0	0.718749
57.850000	0.997365	0.000000	0.003025	0.000001	0.000190	0	0.718749
57.900000	0.997152	0.000000	0.003025	0.000001	0.000161	0	0.718749
57.950000	0.997248	0.000000	0.003025	0.000001	0.000124	0	0.718749
58.000000	0.996828	0.000000	0.003025	0.000001	0.000097	0	0.718749
58.050000	0.996759	0.000000	0.003025	0.000000	0.000067	0	0.718749
58.100000	0.996995	0.000000	0.003025	0.000000	0.000046	0	0.718749
58.150000	0.997332	0.000000	0.003025	0.000000	0.000036	0	0.718749
58.200000	0.996432	0.000000	0.003025	0.000000	0.000036	0	0.718749
58.250000	0.996284	0.000000	0.003025	0.000000	0.000041	0	0.718749
58.300000	0.996107	0.000000	0.003025	0.000000	0.000135	0	0.718749
58.350000	0.996069	0.000000	0.003025	0.000000	0.000566	0	0.718749
58.400000	0.996647	0.000000	0.003025	0.000000	0.001647	0	0.718749
58.450000	0.997263	0.000000	0.003025	0.000000	0.004040	0	0.718749
58.500000	0.996475	0.000000	0.003025	0.000000	0.008411	0	0.718749
58.550000	0.996047	0.000000	0.003025	0.000000	0.015965	0	0.718749
58.600000	0.995716	0.000000	0.003025	0.000000	0.027847	0	0.718749
58.650000	0.992624	0.000000	0.003025	0.000001	0.043704	0	0.718749
58.700000	0.987888	0.000000	0.003025	0.000007	0.064233	0	0.718749
58.750000	0.980103	0.000000	0.003025	0.000025	0.090260	0	0.718749
58.800000	0.971020	0.000000	0.003025	0.000066	0.119400	0	0.718749
58.850000	0.957643	0.000000	0.003025	0.000158	0.140702	0	0.718749
58.900000	0.942609	0.000000	0.003025	0.000324	0.152204	0	0.718749
58.950000	0.925609	0.000000	0.003025	0.000591	0.155066	0	0.718749
59.000000	0.905427	0.000000	0.003025	0.000997	0.150695	0	0.718749
59.050000	0.881500	0.000000	0.003025	0.001592	0.139114	0	0.718749
59.100000	0.852341	0.000000	0.003025	0.002449	0.122443	0	0.718749
59.150000	0.819430	0.000000	0.003025	0.003640	0.104724	0	0.718749
59.200000	0.779608	0.000000	0.003025	0.005288	0.088775	0	0.718749
59.250000	0.728993	0.000000	0.003025	0.007639	0.074331	0	0.718749
59.300000	0.672096	0.000000	0.003025	0.010892	0.061320	0	0.718749
59.350000	0.612819	0.000000	0.003025	0.015068	0.052362	0	0.718749
59.400000	0.549869	0.000000	0.003025	0.020211	0.045478	0	0.718749
59.450000	0.486327	0.000000	0.003025	0.026132	0.039406	0	0.718749
59.500000	0.424825	0.000000	0.003025	0.032512	0.032335	0	0.718749
59.550000	0.363608	0.000000	0.003025	0.038994	0.024639	0	0.718749
59.600000	0.304840	0.000000	0.003025	0.045059	0.017947	0	0.718749
59.650000	0.260297	0.000000	0.003025	0.049550	0.016677	0	0.718749
59.700000	0.208062	0.000000	0.003025	0.052667	0.021199	0	0.718749
59.750000	0.161490	0.000000	0.003025	0.054058	0.033049	0	0.718749
59.800000	0.119670	0.000000	0.003025	0.053441	0.056110	0	0.718749
59.850000	0.084429	0.000000	0.003025	0.050793	0.091691	0	0.718749
59.900000	0.059425	0.000000	0.003025	0.046433	0.135281	0	0.718749
59.950000	0.044067	0.000000	0.003025	0.040745	0.182362	0	0.718749
60.000000	0.032889	0.000000	0.003025	0.034269	0.230038	0	0.718749
60.050000	0.028286	0.000000	0.003025	0.027583	0.271235	0	0.718749
60.100000	0.025012	0.000000	0.003025	0.021253	0.299683	0	0.718749
60.150000	0.025069	0.000000	0.003025	0.015563	0.304813	0	0.718749
60.200000	0.025885	0.000000	0.003025	0.010831	0.286288	0	0.718749
60.250000	0.025725	0.000000	0.003025	0.007185	0.249110	0	0.718749
60.300000	0.014826	0.000000	0.003025	0.004329	0.205476	0	0.718749
60.350000	0.014916	0.000000	0.003025	0.002380	0.156509	0	0.718749
60.400000	0.014375	0.000000	0.003025	0.001171	0.107126	0	0.718749
60.450000	0.014153	0.000000	0.003025	0.000518	0.065484	0	0.718749
60.500000	0.014301	0.000000	0.003025	0.000223	0.035976	0	0.718749
60.550000	0.014606	0.000000	0.003025	0.000104	0.016300	0	0.718749
60.600000	0.014749	0.000737	0.000369	0.000055	0.005063	1	0.718767
60.650000	0.014293	0.001452	0.001095	0.000039	0.001376	1	0.718822
60.700000	0.014208	0.002163	0.001807	0.000031	0.000729	1	0.718912
60.750000	0.014448	0.002885	0.002524	0.000026	0.000690	1	0.719038
60.800000	0.014070	0.003588	0.003237	0.000020	0.000617	1	0.719200
60.850000	0.014074	0.004292	0.003940	0.000012	0.000389	1	0.719397
60.900000	0.014220	0.000000	0.003940	0.000001	0.000033	0	0.719397
60.950000	0.014435	0.000000	0.003940	0.000000	0.000004	0	0.719397
61.000000	0.014665	0.000000	0.003940	0.000000	0.000001	0	0.719397
61.050000	0.014441	0.000000	0.003940	0.000000	0.000002	0	0.719397
61.100000	0.014511	0.000000	0.003940	0.000000	0.000002	0	0.719397
61.150000	0.014270	0.000000	0.003940	0.000000	0.000002	0	0.719397
61.200000	0.014116	0.000000	0.003940	0.000000	0.000002	0	0.719397
61.250000	0.014043	0.000000	0.003940	0.000000	0.000001	0	0.719397
61.300000	0.014192	0.000000	0.003940	0.000000	0.000001	0	0.719397
61.350000	0.013885	0.000000	0.003940	0.000000	0.000001	0	0.719397
61.400000	0.013956	0.000000	0.003940	0.000000	0.000001	0	0.719397
61.450000	0.013877	0.000000	0.003940	0.000000	0.000001	0	0.719397
61.500000	0.013800	0.000000	0.003940	0.000000	0.000000	0	0.719397
61.550000	0.013645	0.000000	0.003940	0.000000	0.000000	0	0.719397
61.600000	0.013727	0.000000	0.003940	0.000000	0.000000	0	0.719397
61.650000	0.013795	0.000000	0.003940	0.000000	0.000000	0	0.719397
61.700000	0.013875	0.000000	0.003940	0.000000	0.000000	0	0.719397
61.750000	0.014185	0.000000	0.003940	0.000000	0.000001	0	0.719397
61.800000	0.014179	0.000000	0.003940	0.000000	0.000001	0	0.719397
61.850000	0.014172	0.000000	0.003940	0.000000	0.000001	0	0.719397
61.900000	0.013941	0.000000	0.003940	0.000000	0.000001	0	0.719397
61.950000	0.013876	0.000000	0.003940	0.000000	0.000001	0	0.719397
62.000000	0.013560	0.000000	0.003940	0.000000	0.000001	0	0.719397
62.050000	0.013252	0.000000	0.003940	0.000000	0.000001	0	0.719397
62.100000	0.013178	0.000000	0.003940	0.000000	0.000001	0	0.719397
62.150000	0.012949	0.000000	0.003940	0.000000	0.000001	0	0.719397
62.200000	0.012955	0.000000	0.003940	0.000000	0.000001	0	0.719397
62.250000	0.012812	0.000000	0.003940	0.000000	0.000000	0	0.719397
62.300000	0.012806	0.000000	0.003940	0.000000	0.000001	0	0.719397
62.350000	0.013108	0.000000	0.003940	0.000000	0.000001	0	0.719397
62.400000	0.013402	0.000000	0.003940	0.000000	0.000001	0	0.719397
62.450000	0.013658	0.000000	0.003940	0.000000	0.000002	0	0.719397
