Time(s)	Acc(m/s2)	V (m/s)	V_avg (m/s)	Var	gyro_var	Movement	Displacement(m)
0.000000	-0.001266	-0.000063	-0.000032	-0.001266	-0.003120	1	-0.000002
0.050000	-0.003250	-0.000226	-0.000145	-0.003250	-0.010556	1	-0.000009
0.100000	0.000610	-0.000195	-0.000211	0.000610	-0.000713	1	-0.000019
0.150000	0.001617	-0.000114	-0.000155	0.001617	-0.016596	1	-0.000027
0.200000	0.001617	-0.000034	-0.000074	0.001617	-0.014091	1	-0.000031
0.250000	-0.001297	-0.000098	-0.000066	-0.001297	-0.003080	1	-0.000034
0.300000	0.003601	0.000082	-0.000008	0.003601	-0.012749	1	-0.000035
0.350000	0.000595	0.000111	0.000097	0.000595	-0.001747	1	-0.000030
0.400000	0.002625	0.000243	0.000177	0.002625	-0.000648	1	-0.000021
0.450000	0.001663	0.000326	0.000284	0.001663	0.002953	1	-0.000007
0.500000	0.004532	0.000552	0.000439	0.004532	0.000181	1	0.000015
0.550000	0.001587	0.000632	0.000592	0.001587	-0.001819	1	0.000045
0.600000	0.000802	0.000000	0.000592	0.000004	0.000039	0	0.000045
0.650000	0.000576	0.000000	0.000592	0.000004	0.000041	0	0.000045
0.700000	0.000945	0.000000	0.000592	0.000003	0.000039	0	0.000045
0.750000	0.001248	0.000000	0.000592	0.000002	0.000037	0	0.000045
0.800000	0.001248	0.000000	0.000592	0.000002	0.000026	0	0.000045
0.850000	0.000657	0.000000	0.000592	0.000002	0.000018	0	0.000045
0.900000	0.000346	0.000000	0.000592	0.000002	0.000019	0	0.000045
0.950000	-0.000392	0.000000	0.000592	0.000002	0.000012	0	0.000045
1.000000	-0.000534	0.000000	0.000592	0.000002	0.000013	0	0.000045
1.050000	-0.001069	0.000000	0.000592	0.000002	0.000013	0	0.000045
1.100000	-0.003306	0.000000	0.000592	0.000003	0.000012	0	0.000045
1.150000	-0.012194	-0.000610	-0.000305	0.000014	0.000012	1	0.000030
1.200000	-0.024529	-0.001836	-0.001223	0.000057	0.000012	1	-0.000031
1.250000	-0.034609	-0.003567	-0.002701	0.000136	0.000010	1	-0.000167
1.300000	-0.044049	-0.005769	-0.004668	0.000250	0.000009	1	-0.000400
1.350000	-0.051273	-0.008333	-0.007051	0.000383	0.000006	1	-0.000752
1.400000	-0.053410	-0.011003	-0.009668	0.000495	0.000003	1	-0.001236
1.450000	-0.057311	-0.013869	-0.012436	0.000588	0.000004	1	-0.001858
1.500000	-0.056851	-0.016711	-0.015290	0.000636	0.000017	1	-0.002622
1.550000	-0.053452	-0.019384	-0.018048	0.000626	0.000038	1	-0.003525
1.600000	-0.048198	-0.021794	-0.020589	0.000563	0.000067	1	-0.004554
1.650000	-0.056486	-0.024618	-0.023206	0.000488	0.000082	1	-0.005714
1.700000	-0.057367	-0.027486	-0.026052	0.000377	0.000083	1	-0.007017
1.750000	-0.056884	-0.030331	-0.028909	0.000238	0.000092	1	-0.008462
1.800000	-0.042289	-0.032445	-0.031388	0.000123	0.000101	1	-0.010032
1.850000	-0.030499	-0.033970	-0.033208	0.000092	0.000103	1	-0.011692
1.900000	-0.021726	-0.035056	-0.034513	0.000134	0.000104	1	-0.013418
1.950000	-0.009645	-0.035539	-0.035297	0.000254	0.000098	1	-0.015183
2.000000	0.003429	-0.035367	-0.035453	0.000444	0.000074	1	-0.016955
2.050000	0.014120	-0.034661	-0.035014	0.000678	0.000042	1	-0.018706
2.100000	0.022934	-0.033514	-0.034088	0.000913	0.000021	1	-0.020410
2.150000	0.034622	-0.031783	-0.032649	0.001170	0.000020	1	-0.022043
2.200000	0.039032	-0.029832	-0.030807	0.001383	0.000031	1	-0.023583
2.250000	0.043934	-0.027635	-0.028733	0.001560	0.000046	1	-0.025020
2.300000	0.063681	-0.024451	-0.026043	0.001735	0.000050	1	-0.026322
2.350000	0.073395	-0.020781	-0.022616	0.001808	0.000048	1	-0.027453
2.400000	0.078920	-0.016835	-0.018808	0.001712	0.000051	1	-0.028393
2.450000	0.074725	-0.013099	-0.014967	0.001528	0.000051	1	-0.029142
2.500000	0.074013	-0.009398	-0.011249	0.001303	0.000049	1	-0.029704
2.550000	0.080232	-0.005387	-0.007393	0.001072	0.000052	1	-0.030074
2.600000	0.078565	-0.001459	-0.003423	0.000839	0.000045	1	-0.030245
2.650000	0.073023	0.002193	0.000367	0.000624	0.000039	1	-0.030226
2.700000	0.064694	0.005427	0.003810	0.000434	0.000029	1	-0.030036
2.750000	0.060083	0.008431	0.006929	0.000285	0.000023	1	-0.029689
2.800000	0.048749	0.010869	0.009650	0.000217	0.000022	1	-0.029207
2.850000	0.041699	0.012954	0.011911	0.000200	0.000022	1	-0.028611
2.900000	0.032205	0.014564	0.013759	0.000252	0.000022	1	-0.027923
2.950000	0.021049	0.015617	0.015090	0.000405	0.000025	1	-0.027169
3.000000	0.012816	0.016257	0.015937	0.000582	0.000020	1	-0.026372
3.050000	0.009199	0.016717	0.016487	0.000715	0.000020	1	-0.025548
3.100000	0.007685	0.017102	0.016909	0.000814	0.000021	1	-0.024702
3.150000	0.009095	0.017556	0.017329	0.000849	0.000017	1	-0.023836
3.200000	0.004781	0.017795	0.017676	0.000802	0.000017	1	-0.022952
3.250000	0.004546	0.018023	0.017909	0.000690	0.000017	1	-0.022056
3.300000	0.004618	0.018254	0.018138	0.000550	0.000015	1	-0.021150
3.350000	0.004318	0.018469	0.018362	0.000416	0.000014	1	-0.020232
3.400000	0.004241	0.018682	0.018575	0.000273	0.000012	1	-0.019303
3.450000	0.004093	0.018886	0.018784	0.000169	0.000011	1	-0.018364
3.500000	0.004393	0.019106	0.018996	0.000084	0.000009	1	-0.017414
3.550000	0.004315	0.019322	0.019214	0.000031	0.000009	1	-0.016453
3.600000	0.004538	0.019548	0.019435	0.000010	0.000009	1	-0.015481
3.650000	0.004699	0.000000	0.019435	0.000004	0.000009	0	-0.015481
3.700000	0.004846	0.000000	0.019435	0.000003	0.000008	0	-0.015481
3.750000	0.004478	0.000000	0.019435	0.000002	0.000006	0	-0.015481
3.800000	0.004627	0.000000	0.019435	0.000000	0.000001	0	-0.015481
3.850000	0.004778	0.000000	0.019435	0.000000	0.000001	0	-0.015481
3.900000	0.004706	0.000000	0.019435	0.000000	0.000002	0	-0.015481
3.950000	0.004565	0.000000	0.019435	0.000000	0.000002	0	-0.015481
4.000000	0.004628	0.000000	0.019435	0.000000	0.000002	0	-0.015481
4.050000	0.004552	0.000000	0.019435	0.000000	0.000003	0	-0.015481
4.100000	0.004848	0.000000	0.019435	0.000000	0.000003	0	-0.015481
4.150000	0.004467	0.000000	0.019435	0.000000	0.000003	0	-0.015481
4.200000	0.004621	0.000000	0.019435	0.000000	0.000003	0	-0.015481
4.250000	0.004387	0.000000	0.019435	0.000000	0.000002	0	-0.015481
4.300000	0.004383	0.000000	0.019435	0.000000	0.000002	0	-0.015481
4.350000	0.004301	0.000000	0.019435	0.000000	0.000001	0	-0.015481
4.400000	0.004903	0.000000	0.019435	0.000000	0.000001	0	-0.015481
4.450000	0.004673	0.000000	0.019435	0.000000	0.000000	0	-0.015481
4.500000	0.004439	0.000000	0.019435	0.000000	0.000000	0	-0.015481
4.550000	0.004593	0.000000	0.019435	0.000000	0.000000	0	-0.015481
4.600000	0.004437	0.000000	0.019435	0.000000	0.000000	0	-0.015481
4.650000	0.004674	0.000000	0.019435	0.000000	0.000000	0	-0.015481
4.700000	0.004525	0.000000	0.019435	0.000000	0.000000	0	-0.015481
4.750000	0.004226	0.000000	0.019435	0.000000	0.000000	0	-0.015481
4.800000	0.004382	0.000000	0.019435	0.000000	0.000000	0	-0.015481
4.850000	0.004606	0.000000	0.019435	0.000000	0.000000	0	-0.015481
4.900000	0.004757	0.000000	0.019435	0.000000	0.000000	0	-0.015481
4.950000	0.004460	0.000000	0.019435	0.000000	0.000001	0	-0.015481
5.000000	0.004689	0.000000	0.019435	0.000000	0.000001	0	-0.015481
5.050000	0.004609	0.000000	0.019435	0.000000	0.000001	0	-0.015481
5.100000	0.004916	0.000000	0.019435	0.000000	0.000001	0	-0.015481
5.150000	0.005068	0.000000	0.019435	0.000000	0.000001	0	-0.015481
5.200000	0.005147	0.000000	0.019435	0.000000	0.000001	0	-0.015481
5.250000	0.005294	0.000000	0.019435	0.000000	0.000000	0	-0.015481
5.300000	0.004917	0.000000	0.019435	0.000000	0.000000	0	-0.015481
5.350000	0.004991	0.000000	0.019435	0.000000	0.000000	0	-0.015481
5.400000	0.005067	0.000000	0.019435	0.000000	0.000000	0	-0.015481
5.450000	0.004763	0.000000	0.019435	0.000000	0.000000	0	-0.015481
5.500000	0.004534	0.000000	0.019435	0.000000	0.000000	0	-0.015481
5.550000	0.004386	0.000000	0.019435	0.000000	0.000001	0	-0.015481
5.600000	0.004378	0.000000	0.019435	0.000000	0.000001	0	-0.015481
5.650000	0.004302	0.000000	0.019435	0.000000	0.000001	0	-0.015481
5.700000	0.004156	0.000000	0.019435	0.000000	0.000001	0	-0.015481
5.750000	0.003938	0.000000	0.019435	0.000000	0.000002	0	-0.015481
5.800000	0.003779	0.000000	0.019435	0.000000	0.000001	0	-0.015481
5.850000	0.009732	0.000000	0.019435	0.000002	0.000001	0	-0.015481
5.900000	0.023858	0.001193	0.000596	0.000030	0.000001	1	-0.015451
5.950000	0.040390	0.003212	0.002203	0.000121	0.000001	1	-0.015341
6.000000	0.048292	0.005627	0.004420	0.000243	0.000001	1	-0.015120
6.050000	0.052726	0.008263	0.006945	0.000369	0.000002	1	-0.014773
6.100000	0.063812	0.011454	0.009859	0.000536	0.000003	1	-0.014280
6.150000	0.067679	0.014838	0.013146	0.000688	0.000004	1	-0.013623
6.200000	0.073831	0.018529	0.016684	0.000827	0.000004	1	-0.012789
6.250000	0.082176	0.022638	0.020584	0.000961	0.000004	1	-0.011760
6.300000	0.091518	0.027214	0.024926	0.001085	0.000004	1	-0.010513
6.350000	0.091489	0.031789	0.029501	0.001108	0.000007	1	-0.009038
6.400000	0.089891	0.036283	0.034036	0.001015	0.000024	1	-0.007336
6.450000	0.084763	0.040521	0.038402	0.000796	0.000035	1	-0.005416
6.500000	0.081220	0.044582	0.042552	0.000535	0.000043	1	-0.003289
6.550000	0.063750	0.047770	0.046176	0.000338	0.000043	1	-0.000980
6.600000	0.053307	0.050435	0.049102	0.000267	0.000044	1	0.001475
6.650000	0.042568	0.052563	0.051499	0.000287	0.000042	1	0.004050
6.700000	0.036359	0.054381	0.053472	0.000362	0.000041	1	0.006724
6.750000	0.022020	0.055482	0.054932	0.000553	0.000041	1	0.009470
6.800000	0.017408	0.056353	0.055918	0.000763	0.000035	1	0.012266
6.850000	0.008270	0.056766	0.056560	0.001003	0.000032	1	0.015094
6.900000	-0.012748	0.056129	0.056448	0.001346	0.000032	1	0.017917
6.950000	-0.045673	0.053845	0.054987	0.001908	0.000046	1	0.020666
7.000000	-0.059738	0.050858	0.052352	0.002441	0.000065	1	0.023284
7.050000	-0.061609	0.047778	0.049318	0.002722	0.000074	1	0.025750
7.100000	-0.055618	0.044997	0.046387	0.002692	0.000086	1	0.028069
7.150000	-0.058026	0.042096	0.043546	0.002456	0.000088	1	0.030246
7.200000	-0.054765	0.039357	0.040727	0.002182	0.000083	1	0.032283
7.250000	-0.060867	0.036314	0.037836	0.001901	0.000071	1	0.034174
7.300000	-0.057885	0.033420	0.034867	0.001578	0.000055	1	0.035918
7.350000	-0.056119	0.030614	0.032017	0.001194	0.000046	1	0.037519
7.400000	-0.052865	0.027971	0.029292	0.000862	0.000036	1	0.038983
7.450000	-0.051750	0.025383	0.026677	0.000514	0.000025	1	0.040317
7.500000	-0.048545	0.022956	0.024170	0.000204	0.000019	1	0.041525
7.550000	-0.035566	0.021178	0.022067	0.000069	0.000023	1	0.042629
7.600000	-0.012289	0.020563	0.020870	0.000188	0.000033	1	0.043672
7.650000	0.002022	0.020664	0.020614	0.000404	0.000039	1	0.044703
7.700000	0.005704	0.020949	0.020807	0.000600	0.000039	1	0.045743
7.750000	0.005071	0.021203	0.021076	0.000755	0.000038	1	0.046797
7.800000	0.005140	0.021460	0.021332	0.000849	0.000034	1	0.047864
7.850000	0.005366	0.021728	0.021594	0.000905	0.000033	1	0.048943
7.900000	0.005447	0.022001	0.021865	0.000874	0.000026	1	0.050037
7.950000	0.005371	0.022269	0.022135	0.000802	0.000018	1	0.051143
8.000000	0.005310	0.022535	0.022402	0.000687	0.000011	1	0.052264
8.050000	0.005392	0.022804	0.022670	0.000546	0.000005	1	0.053397
8.100000	0.005102	0.023059	0.022932	0.000368	0.000003	1	0.054544
8.150000	0.005034	0.023311	0.023185	0.000172	0.000002	1	0.055703
8.200000	0.005103	0.023566	0.023439	0.000038	0.000002	1	0.056875
8.250000	0.005332	0.000000	0.023439	0.000004	0.000002	0	0.056875
8.300000	0.005030	0.000000	0.023439	0.000000	0.000002	0	0.056875
8.350000	0.004652	0.000000	0.023439	0.000000	0.000001	0	0.056875
8.400000	0.004574	0.000000	0.023439	0.000000	0.000000	0	0.056875
8.450000	0.004268	0.000000	0.023439	0.000000	0.000000	0	0.056875
8.500000	0.004269	0.000000	0.023439	0.000000	0.000000	0	0.056875
8.550000	0.004267	0.000000	0.023439	0.000000	0.000000	0	0.056875
8.600000	0.004418	0.000000	0.023439	0.000000	0.000000	0	0.056875
8.650000	0.004483	0.000000	0.023439	0.000000	0.000000	0	0.056875
8.700000	0.004774	0.000000	0.023439	0.000000	0.000000	0	0.056875
8.750000	0.004991	0.000000	0.023439	0.000000	0.000000	0	0.056875
8.800000	0.004987	0.000000	0.023439	0.000000	0.000000	0	0.056875
8.850000	0.004768	0.000000	0.023439	0.000000	0.000000	0	0.056875
8.900000	0.004619	0.000000	0.023439	0.000000	0.000000	0	0.056875
8.950000	0.004767	0.000000	0.023439	0.000000	0.000000	0	0.056875
9.000000	0.005214	0.000000	0.023439	0.000000	0.000000	0	0.056875
9.050000	0.005142	0.000000	0.023439	0.000000	0.000000	0	0.056875
9.100000	0.004842	0.000000	0.023439	0.000000	0.000000	0	0.056875
9.150000	0.004769	0.000000	0.023439	0.000000	0.000000	0	0.056875
9.200000	0.004848	0.000000	0.023439	0.000000	0.000000	0	0.056875
9.250000	0.004697	0.000000	0.023439	0.000000	0.000000	0	0.056875
9.300000	0.004772	0.000000	0.023439	0.000000	0.000000	0	0.056875
9.350000	0.004771	0.000000	0.023439	0.000000	0.000000	0	0.056875
9.400000	0.004548	0.000000	0.023439	0.000000	0.000000	0	0.056875
9.450000	0.004546	0.000000	0.023439	0.000000	0.000000	0	0.056875
9.500000	0.004467	0.000000	0.023439	0.000000	0.000000	0	0.056875
9.550000	0.004539	0.000000	0.023439	0.000000	0.000000	0	0.056875
9.600000	0.004539	0.000000	0.023439	0.000000	0.000000	0	0.056875
9.650000	0.004167	0.000000	0.023439	0.000000	0.000000	0	0.056875
9.700000	0.004242	0.000000	0.023439	0.000000	0.000000	0	0.056875
9.750000	0.004689	0.000000	0.023439	0.000000	0.000000	0	0.056875
9.800000	0.004548	0.000000	0.023439	0.000000	0.000000	0	0.056875
9.850000	0.004628	0.000000	0.023439	0.000000	0.000000	0	0.056875
9.900000	0.004633	0.000000	0.023439	0.000000	0.000000	0	0.056875
9.950000	0.004488	0.000000	0.023439	0.000000	0.000000	0	0.056875
10.000000	0.004335	0.000000	0.023439	0.000000	0.000000	0	0.056875
10.050000	0.003661	0.000000	0.023439	0.000000	0.000001	0	0.056875
10.100000	0.004256	0.000000	0.023439	0.000000	0.000001	0	0.056875
10.150000	0.004546	0.000000	0.023439	0.000000	0.000001	0	0.056875
10.200000	0.004091	0.000000	0.023439	0.000000	0.000001	0	0.056875
10.250000	0.003945	0.000000	0.023439	0.000000	0.000001	0	0.056875
10.300000	0.004018	0.000000	0.023439	0.000000	0.000001	0	0.056875
10.350000	0.003486	0.000000	0.023439	0.000000	0.000001	0	0.056875
10.400000	0.002886	0.000000	0.023439	0.000000	0.000001	0	0.056875
10.450000	0.002877	0.000000	0.023439	0.000000	0.000001	0	0.056875
10.500000	0.002790	0.000000	0.023439	0.000000	0.000001	0	0.056875
10.550000	0.002936	0.000000	0.023439	0.000000	0.000001	0	0.056875
10.600000	0.003074	0.000000	0.023439	0.000000	0.000001	0	0.056875
10.650000	0.004302	0.000000	0.023439	0.000000	0.000001	0	0.056875
10.700000	0.004449	0.000000	0.023439	0.000000	0.000001	0	0.056875
10.750000	0.004949	0.000000	0.023439	0.000001	0.000001	0	0.056875
10.800000	0.003749	0.000000	0.023439	0.000001	0.000001	0	0.056875
10.850000	0.005837	0.000000	0.023439	0.000001	0.000004	0	0.056875
10.900000	0.005682	0.000000	0.023439	0.000001	0.000007	0	0.056875
10.950000	0.007194	0.000000	0.023439	0.000002	0.000013	0	0.056875
11.000000	0.009215	0.000000	0.023439	0.000004	0.000018	0	0.056875
11.050000	0.010033	0.000000	0.023439	0.000006	0.000019	0	0.056875
11.100000	0.008342	0.000000	0.023439	0.000006	0.000019	0	0.056875
11.150000	0.010776	0.000000	0.023439	0.000008	0.000018	0	0.056875
11.200000	0.011608	0.000000	0.023439	0.000009	0.000016	0	0.056875
11.250000	0.012323	0.000000	0.023439	0.000010	0.000013	0	0.056875
11.300000	0.011441	0.000000	0.023439	0.000010	0.000015	0	0.056875
11.350000	0.012792	0.000640	0.000320	0.000010	0.000015	1	0.056891
11.400000	0.008463	0.000000	0.000320	0.000009	0.000014	0	0.056891
11.450000	0.010303	0.000000	0.000320	0.000006	0.000014	0	0.056891
11.500000	0.006416	0.000000	0.000320	0.000006	0.000014	0	0.056891
11.550000	0.007038	0.000000	0.000320	0.000005	0.000015	0	0.056891
11.600000	0.007008	0.000000	0.000320	0.000005	0.000015	0	0.056891
11.650000	0.002857	0.000000	0.000320	0.000008	0.000012	0	0.056891
11.700000	0.002959	0.000148	0.000074	0.000012	0.000010	1	0.056894
11.750000	0.007014	0.000499	0.000323	0.000012	0.000009	1	0.056911
11.800000	0.005010	0.000749	0.000624	0.000013	0.000007	1	0.056942
11.850000	0.005365	0.001017	0.000883	0.000012	0.000010	1	0.056986
11.900000	0.006143	0.000000	0.000883	0.000010	0.000011	0	0.056986
11.950000	0.006094	0.000000	0.000883	0.000008	0.000014	0	0.056986
12.000000	0.005572	0.000000	0.000883	0.000005	0.000015	0	0.056986
12.050000	0.008955	0.000000	0.000883	0.000005	0.000015	0	0.056986
12.100000	0.008099	0.000000	0.000883	0.000003	0.000015	0	0.056986
12.150000	0.010424	0.000000	0.000883	0.000005	0.000015	0	0.056986
12.200000	0.010027	0.000000	0.000883	0.000006	0.000015	0	0.056986
12.250000	0.008473	0.000000	0.000883	0.000006	0.000013	0	0.056986
12.300000	0.011132	0.000000	0.000883	0.000006	0.000011	0	0.056986
12.350000	0.010660	0.000000	0.000883	0.000005	0.000010	0	0.056986
12.400000	0.008518	0.000000	0.000883	0.000005	0.000008	0	0.056986
12.450000	0.008092	0.000000	0.000883	0.000004	0.000006	0	0.056986
12.500000	0.006904	0.000000	0.000883	0.000004	0.000007	0	0.056986
12.550000	0.005640	0.000000	0.000883	0.000004	0.000008	0	0.056986
12.600000	0.005572	0.000000	0.000883	0.000004	0.000005	0	0.056986
12.650000	0.005271	0.000000	0.000883	0.000004	0.000004	0	0.056986
12.700000	0.005123	0.000000	0.000883	0.000005	0.000004	0	0.056986
12.750000	0.004897	0.000000	0.000883	0.000006	0.000004	0	0.056986
12.800000	0.004829	0.000000	0.000883	0.000006	0.000003	0	0.056986
12.850000	0.004829	0.000000	0.000883	0.000006	0.000003	0	0.056986
12.900000	0.004822	0.000000	0.000883	0.000006	0.000003	0	0.056986
12.950000	0.004675	0.000000	0.000883	0.000004	0.000004	0	0.056986
13.000000	0.004681	0.000000	0.000883	0.000002	0.000003	0	0.056986
13.050000	0.004309	0.000000	0.000883	0.000001	0.000003	0	0.056986
13.100000	0.004688	0.000000	0.000883	0.000001	0.000001	0	0.056986
13.150000	0.004535	0.000000	0.000883	0.000000	0.000001	0	0.056986
13.200000	0.004302	0.000000	0.000883	0.000000	0.000000	0	0.056986
13.250000	0.004150	0.000000	0.000883	0.000000	0.000000	0	0.056986
13.300000	0.004145	0.000000	0.000883	0.000000	0.000000	0	0.056986
13.350000	0.004368	0.000000	0.000883	0.000000	0.000000	0	0.056986
13.400000	0.004742	0.000000	0.000883	0.000000	0.000000	0	0.056986
13.450000	0.004437	0.000000	0.000883	0.000000	0.000000	0	0.056986
13.500000	0.004287	0.000000	0.000883	0.000000	0.000000	0	0.056986
13.550000	0.004209	0.000000	0.000883	0.000000	0.000000	0	0.056986
13.600000	0.004209	0.000000	0.000883	0.000000	0.000000	0	0.056986
13.650000	0.003985	0.000000	0.000883	0.000000	0.000000	0	0.056986
13.700000	0.004282	0.000000	0.000883	0.000000	0.000000	0	0.056986
13.750000	0.003973	0.000000	0.000883	0.000000	0.000000	0	0.056986
13.800000	0.003893	0.000000	0.000883	0.000000	0.000000	0	0.056986
13.850000	0.003976	0.000000	0.000883	0.000000	0.000000	0	0.056986
13.900000	0.003826	0.000000	0.000883	0.000000	0.000000	0	0.056986
13.950000	0.003902	0.000000	0.000883	0.000000	0.000000	0	0.056986
14.000000	0.003595	0.000000	0.000883	0.000000	0.000000	0	0.056986
14.050000	0.003441	0.000000	0.000883	0.000000	0.000000	0	0.056986
14.100000	0.003737	0.000000	0.000883	0.000000	0.000001	0	0.056986
14.150000	0.003961	0.000000	0.000883	0.000000	0.000001	0	0.056986
14.200000	0.004199	0.000000	0.000883	0.000000	0.000001	0	0.056986
14.250000	0.004125	0.000000	0.000883	0.000000	0.000001	0	0.056986
14.300000	0.004119	0.000000	0.000883	0.000000	0.000000	0	0.056986
14.350000	0.003819	0.000000	0.000883	0.000000	0.000000	0	0.056986
14.400000	0.003452	0.000000	0.000883	0.000000	0.000000	0	0.056986
14.450000	0.003683	0.000000	0.000883	0.000000	0.000000	0	0.056986
14.500000	0.003615	0.000000	0.000883	0.000000	0.000000	0	0.056986
14.550000	0.003538	0.000000	0.000883	0.000000	0.000001	0	0.056986
14.600000	0.002578	0.000000	0.000883	0.000000	0.000003	0	0.056986
14.650000	0.002632	0.000000	0.000883	0.000000	0.000008	0	0.056986
14.700000	0.001903	0.000000	0.000883	0.000001	0.000014	0	0.056986
14.750000	0.001563	0.000000	0.000883	0.000001	0.000018	0	0.056986
14.800000	0.002730	0.000000	0.000883	0.000001	0.000020	0	0.056986
14.850000	0.002715	0.000000	0.000883	0.000001	0.000018	0	0.056986
14.900000	0.003539	0.000000	0.000883	0.000001	0.000017	0	0.056986
14.950000	0.006899	0.000000	0.000883	0.000002	0.000015	0	0.056986
15.000000	0.003001	0.000000	0.000883	0.000002	0.000013	0	0.056986
15.050000	-0.000825	0.000000	0.000883	0.000003	0.000016	0	0.056986
15.100000	-0.001923	0.000000	0.000883	0.000005	0.000019	0	0.056986
15.150000	-0.003966	0.000000	0.000883	0.000008	0.000021	0	0.056986
15.200000	-0.003802	-0.000190	-0.000095	0.000010	0.000023	1	0.056981
15.250000	-0.003386	-0.000359	-0.000275	0.000012	0.000025	1	0.056968
15.300000	-0.004711	-0.000595	-0.000477	0.000014	0.000030	1	0.056944
15.350000	-0.003805	-0.000785	-0.000690	0.000015	0.000033	1	0.056909
15.400000	-0.005215	-0.001046	-0.000916	0.000017	0.000037	1	0.056863
15.450000	-0.004335	-0.001263	-0.001154	0.000017	0.000037	1	0.056806
15.500000	-0.003899	-0.001458	-0.001360	0.000016	0.000033	1	0.056738
15.550000	-0.005319	-0.001724	-0.001591	0.000014	0.000028	1	0.056658
15.600000	-0.012131	-0.002330	-0.002027	0.000012	0.000022	1	0.056557
15.650000	-0.009507	0.000000	-0.002027	0.000010	0.000017	0	0.056557
15.700000	-0.006864	0.000000	-0.002027	0.000008	0.000016	0	0.056557
15.750000	-0.004376	0.000000	-0.002027	0.000007	0.000015	0	0.056557
15.800000	-0.002945	0.000000	-0.002027	0.000008	0.000012	0	0.056557
15.850000	-0.002704	0.000000	-0.002027	0.000008	0.000009	0	0.056557
15.900000	-0.002001	0.000000	-0.002027	0.000009	0.000006	0	0.056557
15.950000	-0.001603	0.000000	-0.002027	0.000010	0.000005	0	0.056557
16.000000	-0.001628	-0.000081	-0.000041	0.000011	0.000005	1	0.056555
16.050000	-0.000731	-0.000118	-0.000100	0.000012	0.000007	1	0.056550
16.100000	-0.005790	-0.000407	-0.000263	0.000012	0.000008	1	0.056537
16.150000	-0.003727	-0.000594	-0.000501	0.000012	0.000009	1	0.056512
16.200000	-0.002985	-0.000743	-0.000668	0.000012	0.000009	1	0.056478
16.250000	0.000493	0.000000	-0.000668	0.000008	0.000010	0	0.056478
16.300000	0.001988	0.000000	-0.000668	0.000006	0.000013	0	0.056478
16.350000	-0.004672	0.000000	-0.000668	0.000005	0.000018	0	0.056478
16.400000	-0.006133	0.000000	-0.000668	0.000006	0.000024	0	0.056478
16.450000	-0.005591	0.000000	-0.000668	0.000007	0.000029	0	0.056478
16.500000	-0.005695	0.000000	-0.000668	0.000007	0.000029	0	0.056478
16.550000	-0.005918	0.000000	-0.000668	0.000008	0.000022	0	0.056478
16.600000	-0.005118	0.000000	-0.000668	0.000008	0.000018	0	0.056478
16.650000	-0.005405	0.000000	-0.000668	0.000008	0.000013	0	0.056478
16.700000	-0.004776	0.000000	-0.000668	0.000007	0.000011	0	0.056478
16.750000	-0.001835	0.000000	-0.000668	0.000007	0.000009	0	0.056478
16.800000	-0.004392	0.000000	-0.000668	0.000007	0.000007	0	0.056478
16.850000	-0.004533	0.000000	-0.000668	0.000007	0.000005	0	0.056478
16.900000	-0.004250	0.000000	-0.000668	0.000005	0.000002	0	0.056478
16.950000	-0.004314	0.000000	-0.000668	0.000002	0.000002	0	0.056478
17.000000	0.004061	0.000000	-0.000668	0.000007	0.000002	0	0.056478
17.050000	0.004204	0.000210	0.000105	0.000013	0.000002	1	0.056483
17.100000	0.004126	0.000417	0.000313	0.000017	0.000002	1	0.056499
17.150000	0.003913	0.000612	0.000514	0.000019	0.000001	1	0.056525
17.200000	0.003909	0.000808	0.000710	0.000020	0.000001	1	0.056560
17.250000	0.003994	0.001007	0.000907	0.000021	0.000001	1	0.056606
17.300000	0.004141	0.001214	0.001111	0.000020	0.000001	1	0.056661
17.350000	0.004221	0.001425	0.001320	0.000018	0.000001	1	0.056727
17.400000	0.004218	0.001636	0.001531	0.000018	0.000001	1	0.056804
17.450000	0.004140	0.001843	0.001740	0.000015	0.000001	1	0.056891
17.500000	0.004210	0.002054	0.001949	0.000011	0.000000	1	0.056988
17.550000	0.004132	0.000000	0.001949	0.000006	0.000000	0	0.056988
17.600000	0.004355	0.000000	0.001949	0.000001	0.000000	0	0.056988
17.650000	0.004127	0.000000	0.001949	0.000000	0.000000	0	0.056988
17.700000	0.003838	0.000000	0.001949	0.000000	0.000000	0	0.056988
17.750000	0.004061	0.000000	0.001949	0.000000	0.000001	0	0.056988
17.800000	0.004046	0.000000	0.001949	0.000000	0.000001	0	0.056988
17.850000	0.003745	0.000000	0.001949	0.000000	0.000001	0	0.056988
17.900000	0.003735	0.000000	0.001949	0.000000	0.000001	0	0.056988
17.950000	0.003730	0.000000	0.001949	0.000000	0.000001	0	0.056988
18.000000	0.003880	0.000000	0.001949	0.000000	0.000001	0	0.056988
18.050000	0.003728	0.000000	0.001949	0.000000	0.000001	0	0.056988
18.100000	0.003805	0.000000	0.001949	0.000000	0.000001	0	0.056988
18.150000	0.003733	0.000000	0.001949	0.000000	0.000001	0	0.056988
18.200000	0.003734	0.000000	0.001949	0.000000	0.000001	0	0.056988
18.250000	0.003438	0.000000	0.001949	0.000000	0.000001	0	0.056988
18.300000	0.003513	0.000000	0.001949	0.000000	0.000001	0	0.056988
18.350000	0.003734	0.000000	0.001949	0.000000	0.000001	0	0.056988
18.400000	0.003731	0.000000	0.001949	0.000000	0.000001	0	0.056988
18.450000	0.003745	0.000000	0.001949	0.000000	0.000000	0	0.056988
18.500000	0.003972	0.000000	0.001949	0.000000	0.000000	0	0.056988
18.550000	0.003906	0.000000	0.001949	0.000000	0.000001	0	0.056988
18.600000	0.003913	0.000000	0.001949	0.000000	0.000001	0	0.056988
18.650000	0.003691	0.000000	0.001949	0.000000	0.000002	0	0.056988
18.700000	0.003994	0.000000	0.001949	0.000000	0.000002	0	0.056988
18.750000	0.004072	0.000000	0.001949	0.000000	0.000002	0	0.056988
18.800000	0.003848	0.000000	0.001949	0.000000	0.000002	0	0.056988
18.850000	0.004145	0.000000	0.001949	0.000000	0.000002	0	0.056988
18.900000	0.004213	0.000000	0.001949	0.000000	0.000002	0	0.056988
18.950000	0.004284	0.000000	0.001949	0.000000	0.000002	0	0.056988
19.000000	0.003998	0.000000	0.001949	0.000000	0.000001	0	0.056988
19.050000	0.003774	0.000000	0.001949	0.000000	0.000001	0	0.056988
19.100000	0.004294	0.000000	0.001949	0.000000	0.000000	0	0.056988
19.150000	0.005639	0.000000	0.001949	0.000000	0.000002	0	0.056988
19.200000	0.009446	0.000000	0.001949	0.000002	0.000007	0	0.056988
19.250000	0.008436	0.000000	0.001949	0.000004	0.000011	0	0.056988
19.300000	0.003735	0.000000	0.001949	0.000004	0.000025	0	0.056988
19.350000	0.004695	0.000000	0.001949	0.000004	0.000035	0	0.056988
19.400000	0.002795	0.000000	0.001949	0.000004	0.000079	0	0.056988
19.450000	0.005285	0.000000	0.001949	0.000004	0.000099	0	0.056988
19.500000	-0.000894	0.000000	0.001949	0.000007	0.000145	0	0.056988
19.550000	-0.003272	-0.000164	-0.000082	0.000012	0.000174	1	0.056984
19.600000	-0.007744	-0.000551	-0.000357	0.000023	0.000160	1	0.056966
19.650000	-0.007170	-0.000909	-0.000730	0.000031	0.000198	1	0.056930
19.700000	-0.006302	-0.001224	-0.001067	0.000037	0.000324	1	0.056876
19.750000	-0.004061	-0.001428	-0.001326	0.000039	0.000622	1	0.056810
19.800000	-0.000615	-0.001458	-0.001443	0.000037	0.001124	1	0.056738
19.850000	-0.000993	-0.001508	-0.001483	0.000030	0.001925	1	0.056664
19.900000	-0.001554	-0.001586	-0.001547	0.000022	0.003024	1	0.056586
19.950000	0.000959	-0.001538	-0.001562	0.000020	0.004816	1	0.056508
20.000000	-0.009674	-0.002021	-0.001780	0.000021	0.006727	1	0.056419
20.050000	-0.015063	-0.002775	-0.002398	0.000029	0.008786	1	0.056299
20.100000	-0.027426	-0.004146	-0.003460	0.000062	0.009865	1	0.056126
20.150000	-0.030495	0.000000	-0.003460	0.000105	0.010591	0	0.056126
20.200000	-0.039142	0.000000	-0.003460	0.000175	0.010321	0	0.056126
20.250000	-0.046153	-0.002308	-0.001154	0.000270	0.009506	1	0.056069
20.300000	-0.057529	-0.005184	-0.003746	0.000412	0.008044	1	0.055881
20.350000	-0.069234	-0.008646	-0.006915	0.000603	0.006240	1	0.055536
20.400000	-0.083962	-0.012844	-0.010745	0.000855	0.004445	1	0.054998
20.450000	-0.099816	-0.017835	-0.015339	0.001159	0.002894	1	0.054232
20.500000	-0.115925	-0.023631	-0.020733	0.001512	0.001959	1	0.053195
20.550000	-0.124444	-0.029853	-0.026742	0.001798	0.001746	1	0.051858
20.600000	-0.134045	-0.036555	-0.033204	0.001959	0.002731	1	0.050198
20.650000	-0.136091	-0.043360	-0.039958	0.002024	0.004246	1	0.048200
20.700000	-0.140437	-0.050382	-0.046871	0.001979	0.005973	1	0.045856
20.750000	-0.141962	-0.057480	-0.053931	0.001886	0.007223	1	0.043160
20.800000	-0.144633	-0.064712	-0.061096	0.001676	0.008003	1	0.040105
20.850000	-0.144604	-0.071942	-0.068327	0.001399	0.007973	1	0.036689
20.900000	-0.145339	-0.079209	-0.075575	0.001066	0.007509	1	0.032910
20.950000	-0.146095	-0.086513	-0.082861	0.000745	0.006776	1	0.028767
21.000000	-0.147868	-0.093907	-0.090210	0.000461	0.005702	1	0.024256
21.050000	-0.148047	-0.101309	-0.097608	0.000249	0.004465	1	0.019376
21.100000	-0.148768	-0.108748	-0.105028	0.000120	0.003116	1	0.014124
21.150000	-0.148445	-0.116170	-0.112459	0.000061	0.001980	1	0.008501
21.200000	-0.149839	-0.123662	-0.119916	0.000029	0.001075	1	0.002506
21.250000	-0.148918	-0.131108	-0.127385	0.000018	0.000637	1	-0.003864
21.300000	-0.148369	0.000000	-0.127385	0.000010	0.000398	0	-0.003864
21.350000	-0.148132	0.000000	-0.127385	0.000006	0.000305	0	-0.003864
21.400000	-0.148192	0.000000	-0.127385	0.000003	0.000151	0	-0.003864
21.450000	-0.147413	0.000000	-0.127385	0.000003	0.000095	0	-0.003864
21.500000	-0.148338	0.000000	-0.127385	0.000002	0.000043	0	-0.003864
21.550000	-0.147054	0.000000	-0.127385	0.000001	0.000042	0	-0.003864
21.600000	-0.147437	0.000000	-0.127385	0.000001	0.000039	0	-0.003864
21.650000	-0.145239	0.000000	-0.127385	0.000001	0.000035	0	-0.003864
21.700000	-0.145385	0.000000	-0.127385	0.000002	0.000033	0	-0.003864
21.750000	-0.145820	0.000000	-0.127385	0.000002	0.000029	0	-0.003864
21.800000	-0.144923	0.000000	-0.127385	0.000003	0.000017	0	-0.003864
21.850000	-0.144684	0.000000	-0.127385	0.000002	0.000021	0	-0.003864
21.900000	-0.145125	0.000000	-0.127385	0.000002	0.000035	0	-0.003864
21.950000	-0.145779	0.000000	-0.127385	0.000002	0.000054	0	-0.003864
22.000000	-0.146128	0.000000	-0.127385	0.000002	0.000068	0	-0.003864
22.050000	-0.146583	0.000000	-0.127385	0.000001	0.000071	0	-0.003864
22.100000	-0.147408	0.000000	-0.127385	0.000001	0.000071	0	-0.003864
22.150000	-0.147233	0.000000	-0.127385	0.000001	0.000071	0	-0.003864
22.200000	-0.148273	0.000000	-0.127385	0.000001	0.000066	0	-0.003864
22.250000	-0.148251	0.000000	-0.127385	0.000002	0.000054	0	-0.003864
22.300000	-0.149743	0.000000	-0.127385	0.000002	0.000046	0	-0.003864
22.350000	-0.149368	0.000000	-0.127385	0.000003	0.000031	0	-0.003864
22.400000	-0.149209	0.000000	-0.127385	0.000003	0.000018	0	-0.003864
22.450000	-0.149254	0.000000	-0.127385	0.000003	0.000011	0	-0.003864
22.500000	-0.149432	0.000000	-0.127385	0.000003	0.000010	0	-0.003864
22.550000	-0.149401	0.000000	-0.127385	0.000002	0.000010	0	-0.003864
22.600000	-0.148839	0.000000	-0.127385	0.000002	0.000008	0	-0.003864
22.650000	-0.150057	0.000000	-0.127385	0.000001	0.000007	0	-0.003864
22.700000	-0.149805	0.000000	-0.127385	0.000001	0.000008	0	-0.003864
22.750000	-0.150074	0.000000	-0.127385	0.000001	0.000009	0	-0.003864
22.800000	-0.149407	0.000000	-0.127385	0.000000	0.000012	0	-0.003864
22.850000	-0.147157	0.000000	-0.127385	0.000001	0.000024	0	-0.003864
22.900000	-0.143352	0.000000	-0.127385	0.000003	0.000026	0	-0.003864
22.950000	-0.139073	-0.006954	-0.003477	0.000011	0.000057	1	-0.004037
23.000000	-0.134829	-0.013695	-0.010324	0.000024	0.000269	1	-0.004554
23.050000	-0.132942	-0.020342	-0.017019	0.000040	0.000870	1	-0.005405
23.100000	-0.125289	-0.026607	-0.023474	0.000071	0.001808	1	-0.006578
23.150000	-0.121240	-0.032669	-0.029638	0.000108	0.003246	1	-0.008060
23.200000	-0.109035	-0.038120	-0.035395	0.000184	0.004730	1	-0.009830
23.250000	-0.100560	-0.043148	-0.040634	0.000287	0.006294	1	-0.011862
23.300000	-0.087781	-0.047537	-0.045343	0.000436	0.007929	1	-0.014129
23.350000	-0.080879	-0.051581	-0.049559	0.000587	0.009548	1	-0.016607
23.400000	-0.066891	0.000000	-0.049559	0.000781	0.010337	0	-0.016607
23.450000	-0.056443	0.000000	-0.049559	0.000980	0.010264	0	-0.016607
23.500000	-0.049551	-0.002478	-0.001239	0.001145	0.009135	1	-0.016669
23.550000	-0.045546	-0.004755	-0.003616	0.001247	0.007148	1	-0.016849
23.600000	-0.038861	-0.006698	-0.005726	0.001312	0.004888	1	-0.017136
23.650000	-0.033248	-0.008360	-0.007529	0.001326	0.003083	1	-0.017512
23.700000	-0.025774	-0.009649	-0.009005	0.001276	0.002144	1	-0.017963
23.750000	-0.023770	-0.010837	-0.010243	0.001170	0.001903	1	-0.018475
23.800000	-0.012789	-0.011477	-0.011157	0.001041	0.002542	1	-0.019033
23.850000	-0.010013	-0.011978	-0.011727	0.000914	0.003406	1	-0.019619
23.900000	-0.008636	-0.012409	-0.012194	0.000757	0.004281	1	-0.020229
23.950000	-0.007625	-0.012791	-0.012600	0.000621	0.005265	1	-0.020859
24.000000	-0.001617	-0.012872	-0.012831	0.000492	0.005835	1	-0.021500
24.050000	-0.004520	-0.013098	-0.012985	0.000389	0.005847	1	-0.022149
24.100000	-0.006398	-0.013417	-0.013258	0.000307	0.005263	1	-0.022812
24.150000	-0.003598	-0.013597	-0.013507	0.000241	0.004209	1	-0.023488
24.200000	0.000933	-0.013551	-0.013574	0.000182	0.002972	1	-0.024166
24.250000	0.003573	-0.013372	-0.013461	0.000136	0.001897	1	-0.024839
24.300000	0.009149	-0.012915	-0.013143	0.000108	0.001193	1	-0.025497
24.350000	0.014741	-0.012178	-0.012546	0.000105	0.000834	1	-0.026124
24.400000	0.013944	-0.011480	-0.011829	0.000090	0.000577	1	-0.026715
24.450000	0.014464	-0.010757	-0.011119	0.000092	0.000557	1	-0.027271
24.500000	0.010600	-0.010227	-0.010492	0.000086	0.000561	1	-0.027796
24.550000	0.013504	-0.009552	-0.009889	0.000082	0.000639	1	-0.028290
24.600000	0.013042	-0.008900	-0.009226	0.000073	0.000791	1	-0.028752
24.650000	0.012459	-0.008277	-0.008588	0.000070	0.001066	1	-0.029181
24.700000	0.012779	-0.007638	-0.007957	0.000059	0.001248	1	-0.029579
24.750000	0.015300	-0.006873	-0.007255	0.000041	0.001310	1	-0.029942
24.800000	0.013828	-0.006182	-0.006527	0.000023	0.001237	1	-0.030268
24.850000	0.013990	-0.005482	-0.005832	0.000012	0.001062	1	-0.030560
24.900000	0.012515	0.000000	-0.005832	0.000004	0.000795	0	-0.030560
24.950000	0.009068	0.000000	-0.005832	0.000003	0.000527	0	-0.030560
25.000000	0.006176	0.000000	-0.005832	0.000006	0.000393	0	-0.030560
25.050000	0.008662	0.000000	-0.005832	0.000008	0.000269	0	-0.030560
25.100000	0.004383	0.000219	0.000110	0.000011	0.000202	1	-0.030554
25.150000	0.004689	0.000454	0.000336	0.000015	0.000160	1	-0.030537
25.200000	0.002974	0.000602	0.000528	0.000019	0.000167	1	-0.030511
25.250000	0.002379	0.000721	0.000662	0.000023	0.000179	1	-0.030478
25.300000	0.002000	0.000821	0.000771	0.000026	0.000170	1	-0.030439
25.350000	0.002526	0.000948	0.000884	0.000027	0.000144	1	-0.030395
25.400000	0.002289	0.001062	0.001005	0.000023	0.000085	1	-0.030345
25.450000	0.003647	0.001244	0.001153	0.000018	0.000040	1	-0.030287
25.500000	0.003341	0.001411	0.001328	0.000012	0.000022	1	-0.030221
25.550000	0.003189	0.000000	0.001328	0.000006	0.000012	0	-0.030221
25.600000	0.002736	0.000000	0.001328	0.000004	0.000006	0	-0.030221
25.650000	0.003107	0.000000	0.001328	0.000003	0.000005	0	-0.030221
25.700000	0.003103	0.000000	0.001328	0.000001	0.000003	0	-0.030221
25.750000	0.003398	0.000000	0.001328	0.000001	0.000003	0	-0.030221
25.800000	0.003317	0.000000	0.001328	0.000000	0.000003	0	-0.030221
25.850000	0.003237	0.000000	0.001328	0.000000	0.000003	0	-0.030221
25.900000	0.003609	0.000000	0.001328	0.000000	0.000002	0	-0.030221
25.950000	0.003770	0.000000	0.001328	0.000000	0.000002	0	-0.030221
26.000000	0.003626	0.000000	0.001328	0.000000	0.000001	0	-0.030221
26.050000	0.003848	0.000000	0.001328	0.000000	0.000001	0	-0.030221
26.100000	0.003616	0.000000	0.001328	0.000000	0.000001	0	-0.030221
26.150000	0.003398	0.000000	0.001328	0.000000	0.000001	0	-0.030221
26.200000	0.003625	0.000000	0.001328	0.000000	0.000001	0	-0.030221
26.250000	0.004146	0.000000	0.001328	0.000000	0.000001	0	-0.030221
26.300000	0.003695	0.000000	0.001328	0.000000	0.000001	0	-0.030221
26.350000	0.003848	0.000000	0.001328	0.000000	0.000000	0	-0.030221
26.400000	0.003477	0.000000	0.001328	0.000000	0.000000	0	-0.030221
26.450000	0.003483	0.000000	0.001328	0.000000	0.000000	0	-0.030221
26.500000	0.003711	0.000000	0.001328	0.000000	0.000000	0	-0.030221
26.550000	0.003567	0.000000	0.001328	0.000000	0.000001	0	-0.030221
26.600000	0.003410	0.000000	0.001328	0.000000	0.000000	0	-0.030221
26.650000	0.003479	0.000000	0.001328	0.000000	0.000000	0	-0.030221
26.700000	0.003784	0.000000	0.001328	0.000000	0.000001	0	-0.030221
26.750000	0.004162	0.000000	0.001328	0.000000	0.000001	0	-0.030221
26.800000	0.004386	0.000000	0.001328	0.000000	0.000002	0	-0.030221
26.850000	0.004088	0.000000	0.001328	0.000000	0.000002	0	-0.030221
26.900000	0.003646	0.000000	0.001328	0.000000	0.000003	0	-0.030221
26.950000	0.003798	0.000000	0.001328	0.000000	0.000003	0	-0.030221
27.000000	0.003798	0.000000	0.001328	0.000000	0.000003	0	-0.030221
27.050000	0.004242	0.000000	0.001328	0.000000	0.000003	0	-0.030221
27.100000	0.004467	0.000000	0.001328	0.000000	0.000003	0	-0.030221
27.150000	0.004162	0.000000	0.001328	0.000000	0.000003	0	-0.030221
27.200000	0.004008	0.000000	0.001328	0.000000	0.000002	0	-0.030221
27.250000	0.004013	0.000000	0.001328	0.000000	0.000001	0	-0.030221
27.300000	0.004020	0.000000	0.001328	0.000000	0.000001	0	-0.030221
27.350000	0.003718	0.000000	0.001328	0.000000	0.000001	0	-0.030221
27.400000	0.003642	0.000000	0.001328	0.000000	0.000001	0	-0.030221
27.450000	0.003336	0.000000	0.001328	0.000000	0.000001	0	-0.030221
27.500000	0.003561	0.000000	0.001328	0.000000	0.000001	0	-0.030221
27.550000	0.003934	0.000000	0.001328	0.000000	0.000002	0	-0.030221
27.600000	0.003787	0.000000	0.001328	0.000000	0.000002	0	-0.030221
27.650000	0.003788	0.000000	0.001328	0.000000	0.000002	0	-0.030221
27.700000	0.003865	0.000000	0.001328	0.000000	0.000003	0	-0.030221
27.750000	0.003866	0.000000	0.001328	0.000000	0.000003	0	-0.030221
27.800000	0.004021	0.000000	0.001328	0.000000	0.000003	0	-0.030221
27.850000	0.003952	0.000000	0.001328	0.000000	0.000003	0	-0.030221
27.900000	0.003953	0.000000	0.001328	0.000000	0.000002	0	-0.030221
27.950000	0.003876	0.000000	0.001328	0.000000	0.000001	0	-0.030221
28.000000	0.003878	0.000000	0.001328	0.000000	0.000001	0	-0.030221
28.050000	0.003728	0.000000	0.001328	0.000000	0.000001	0	-0.030221
28.100000	0.004032	0.000000	0.001328	0.000000	0.000001	0	-0.030221
28.150000	0.003806	0.000000	0.001328	0.000000	0.000000	0	-0.030221
28.200000	0.003884	0.000000	0.001328	0.000000	0.000000	0	-0.030221
28.250000	0.003883	0.000000	0.001328	0.000000	0.000000	0	-0.030221
28.300000	0.003806	0.000000	0.001328	0.000000	0.000000	0	-0.030221
28.350000	0.003359	0.000000	0.001328	0.000000	0.000000	0	-0.030221
28.400000	0.003278	0.000000	0.001328	0.000000	0.000000	0	-0.030221
28.450000	0.003201	0.000000	0.001328	0.000000	0.000000	0	-0.030221
28.500000	0.003345	0.000000	0.001328	0.000000	0.000001	0	-0.030221
28.550000	0.003267	0.000000	0.001328	0.000000	0.000001	0	-0.030221
28.600000	0.003418	0.000000	0.001328	0.000000	0.000001	0	-0.030221
28.650000	0.003275	0.000000	0.001328	0.000000	0.000001	0	-0.030221
28.700000	0.002972	0.000000	0.001328	0.000000	0.000001	0	-0.030221
28.750000	0.003052	0.000000	0.001328	0.000000	0.000001	0	-0.030221
28.800000	0.002907	0.000000	0.001328	0.000000	0.000001	0	-0.030221
28.850000	0.002983	0.000000	0.001328	0.000000	0.000001	0	-0.030221
28.900000	0.002980	0.000000	0.001328	0.000000	0.000001	0	-0.030221
28.950000	0.003355	0.000000	0.001328	0.000000	0.000002	0	-0.030221
29.000000	0.003654	0.000000	0.001328	0.000000	0.000002	0	-0.030221
29.050000	0.003589	0.000000	0.001328	0.000000	0.000002	0	-0.030221
29.100000	0.003815	0.000000	0.001328	0.000000	0.000001	0	-0.030221
29.150000	0.003818	0.000000	0.001328	0.000000	0.000001	0	-0.030221
29.200000	0.003594	0.000000	0.001328	0.000000	0.000001	0	-0.030221
29.250000	0.003520	0.000000	0.001328	0.000000	0.000001	0	-0.030221
29.300000	0.003582	0.000000	0.001328	0.000000	0.000000	0	-0.030221
29.350000	0.003805	0.000000	0.001328	0.000000	0.000000	0	-0.030221
29.400000	0.003426	0.000000	0.001328	0.000000	0.000001	0	-0.030221
29.450000	0.003494	0.000000	0.001328	0.000000	0.000001	0	-0.030221
29.500000	0.003267	0.000000	0.001328	0.000000	0.000001	0	-0.030221
29.550000	0.003339	0.000000	0.001328	0.000000	0.000001	0	-0.030221
29.600000	0.003190	0.000000	0.001328	0.000000	0.000001	0	-0.030221
29.650000	0.002964	0.000000	0.001328	0.000000	0.000001	0	-0.030221
29.700000	0.003184	0.000000	0.001328	0.000000	0.000001	0	-0.030221
29.750000	0.003034	0.000000	0.001328	0.000000	0.000001	0	-0.030221
29.800000	0.002958	0.000000	0.001328	0.000000	0.000001	0	-0.030221
29.850000	0.003258	0.000000	0.001328	0.000000	0.000001	0	-0.030221
29.900000	0.003105	0.000000	0.001328	0.000000	0.000000	0	-0.030221
29.950000	0.003260	0.000000	0.001328	0.000000	0.000000	0	-0.030221
30.000000	0.003263	0.000000	0.001328	0.000000	0.000000	0	-0.030221
30.050000	0.003637	0.000000	0.001328	0.000000	0.000000	0	-0.030221
30.100000	0.003562	0.000000	0.001328	0.000000	0.000000	0	-0.030221
30.150000	0.003405	0.000000	0.001328	0.000000	0.000001	0	-0.030221
30.200000	0.003255	0.000000	0.001328	0.000000	0.000001	0	-0.030221
30.250000	0.003110	0.000000	0.001328	0.000000	0.000001	0	-0.030221
30.300000	0.003035	0.000000	0.001328	0.000000	0.000002	0	-0.030221
30.350000	0.002729	0.000000	0.001328	0.000000	0.000002	0	-0.030221
30.400000	0.002428	0.000000	0.001328	0.000000	0.000002	0	-0.030221
30.450000	0.002649	0.000000	0.001328	0.000000	0.000002	0	-0.030221
30.500000	0.002647	0.000000	0.001328	0.000000	0.000002	0	-0.030221
30.550000	0.002648	0.000000	0.001328	0.000000	0.000002	0	-0.030221
30.600000	0.002725	0.000000	0.001328	0.000000	0.000001	0	-0.030221
30.650000	0.002799	0.000000	0.001328	0.000000	0.000001	0	-0.030221
30.700000	0.002650	0.000000	0.001328	0.000000	0.000000	0	-0.030221
30.750000	0.002802	0.000000	0.001328	0.000000	0.000000	0	-0.030221
30.800000	0.002720	0.000000	0.001328	0.000000	0.000001	0	-0.030221
30.850000	0.002717	0.000000	0.001328	0.000000	0.000001	0	-0.030221
30.900000	0.002639	0.000000	0.001328	0.000000	0.000001	0	-0.030221
30.950000	0.002636	0.000000	0.001328	0.000000	0.000001	0	-0.030221
31.000000	0.002644	0.000000	0.001328	0.000000	0.000001	0	-0.030221
31.050000	0.002337	0.000000	0.001328	0.000000	0.000001	0	-0.030221
31.100000	0.001581	0.000000	0.001328	0.000000	0.000001	0	-0.030221
31.150000	0.001205	0.000000	0.001328	0.000000	0.000002	0	-0.030221
31.200000	0.001116	0.000000	0.001328	0.000000	0.000002	0	-0.030221
31.250000	0.000732	0.000000	0.001328	0.000001	0.000001	0	-0.030221
31.300000	0.000271	0.000000	0.001328	0.000001	0.000001	0	-0.030221
31.350000	-0.000406	0.000000	0.001328	0.000001	0.000002	0	-0.030221
31.400000	-0.002924	0.000000	0.001328	0.000003	0.000004	0	-0.030221
31.450000	-0.002433	0.000000	0.001328	0.000004	0.000007	0	-0.030221
31.500000	-0.004902	0.000000	0.001328	0.000006	0.000012	0	-0.030221
31.550000	-0.004684	0.000000	0.001328	0.000008	0.000019	0	-0.030221
31.600000	-0.004805	0.000000	0.001328	0.000008	0.000028	0	-0.030221
31.650000	-0.005003	0.000000	0.001328	0.000009	0.000036	0	-0.030221
31.700000	-0.004433	0.000000	0.001328	0.000008	0.000044	0	-0.030221
31.750000	-0.008115	0.000000	0.001328	0.000010	0.000059	0	-0.030221
31.800000	-0.005323	0.000000	0.001328	0.000009	0.000077	0	-0.030221
31.850000	-0.008153	0.000000	0.001328	0.000009	0.000100	0	-0.030221
31.900000	-0.011424	-0.000571	-0.000286	0.000011	0.000126	1	-0.030235
31.950000	-0.013336	-0.001238	-0.000905	0.000014	0.000155	1	-0.030280
32.000000	-0.010513	-0.001764	-0.001501	0.000013	0.000170	1	-0.030355
32.050000	-0.008145	-0.002171	-0.001967	0.000011	0.000180	1	-0.030454
32.100000	-0.012080	-0.002775	-0.002473	0.000011	0.000180	1	-0.030577
32.150000	-0.010514	-0.003301	-0.003038	0.000011	0.000185	1	-0.030729
32.200000	-0.006748	0.000000	-0.003038	0.000010	0.000176	0	-0.030729
32.250000	-0.006275	0.000000	-0.003038	0.000009	0.000166	0	-0.030729
32.300000	-0.007884	0.000000	-0.003038	0.000008	0.000151	0	-0.030729
32.350000	-0.005764	0.000000	-0.003038	0.000007	0.000119	0	-0.030729
32.400000	0.000150	0.000008	0.000004	0.000013	0.000084	1	-0.030729
32.450000	-0.000169	-0.000001	0.000003	0.000018	0.000052	1	-0.030729
32.500000	0.001460	0.000072	0.000036	0.000025	0.000034	1	-0.030727
32.550000	0.003914	0.000268	0.000170	0.000033	0.000038	1	-0.030719
32.600000	0.002522	0.000394	0.000331	0.000033	0.000065	1	-0.030702
32.650000	0.001851	0.000486	0.000440	0.000032	0.000095	1	-0.030680
32.700000	0.001369	0.000555	0.000521	0.000032	0.000131	1	-0.030654
32.750000	0.002121	0.000661	0.000608	0.000026	0.000170	1	-0.030624
32.800000	0.000211	0.000672	0.000666	0.000019	0.000219	1	-0.030590
32.850000	-0.004626	0.000440	0.000556	0.000017	0.000262	1	-0.030562
32.900000	-0.003829	0.000249	0.000344	0.000015	0.000295	1	-0.030545
32.950000	-0.001680	0.000165	0.000207	0.000010	0.000310	1	-0.030535
33.000000	-0.006169	-0.000144	0.000011	0.000010	0.000300	1	-0.030534
33.050000	-0.003298	-0.000309	-0.000226	0.000011	0.000275	1	-0.030546
33.100000	-0.005924	-0.000605	-0.000457	0.000013	0.000236	1	-0.030569
33.150000	-0.005620	-0.000886	-0.000745	0.000014	0.000193	1	-0.030606
33.200000	-0.006966	-0.001234	-0.001060	0.000014	0.000155	1	-0.030659
33.250000	-0.002316	-0.001350	-0.001292	0.000012	0.000126	1	-0.030723
33.300000	0.000668	-0.001316	-0.001333	0.000011	0.000094	1	-0.030790
33.350000	0.000689	-0.001282	-0.001299	0.000010	0.000065	1	-0.030855
33.400000	0.003155	-0.001124	-0.001203	0.000011	0.000037	1	-0.030915
33.450000	0.005585	-0.000845	-0.000985	0.000016	0.000022	1	-0.030964
33.500000	0.005972	-0.000546	-0.000696	0.000021	0.000009	1	-0.030999
33.550000	0.004280	-0.000332	-0.000439	0.000023	0.000003	1	-0.031021
33.600000	0.005159	-0.000075	-0.000203	0.000026	0.000002	1	-0.031031
33.650000	0.006945	0.000273	0.000099	0.000027	0.000002	1	-0.031026
33.700000	0.002068	0.000376	0.000324	0.000026	0.000002	1	-0.031010
33.750000	0.002058	0.000479	0.000428	0.000021	0.000002	1	-0.030989
33.800000	0.002579	0.000608	0.000543	0.000016	0.000002	1	-0.030962
33.850000	0.004359	0.000000	0.000543	0.000008	0.000002	0	-0.030962
33.900000	0.003088	0.000000	0.000543	0.000005	0.000001	0	-0.030962
33.950000	-0.002056	0.000000	0.000543	0.000006	0.000001	0	-0.030962
34.000000	-0.001984	0.000000	0.000543	0.000008	0.000001	0	-0.030962
34.050000	-0.002203	-0.000110	-0.000055	0.000010	0.000001	1	-0.030964
34.100000	-0.002124	-0.000216	-0.000163	0.000012	0.000001	1	-0.030973
34.150000	-0.002416	-0.000337	-0.000277	0.000012	0.000001	1	-0.030986
34.200000	-0.002177	-0.000446	-0.000392	0.000012	0.000001	1	-0.031006
34.250000	-0.003637	-0.000628	-0.000537	0.000012	0.000001	1	-0.031033
34.300000	-0.003776	0.000000	-0.000537	0.000009	0.000001	0	-0.031033
34.350000	-0.004231	0.000000	-0.000537	0.000009	0.000001	0	-0.031033
34.400000	-0.004073	0.000000	-0.000537	0.000009	0.000001	0	-0.031033
34.450000	-0.004074	0.000000	-0.000537	0.000008	0.000001	0	-0.031033
34.500000	-0.004065	0.000000	-0.000537	0.000004	0.000001	0	-0.031033
34.550000	-0.004514	0.000000	-0.000537	0.000001	0.000001	0	-0.031033
34.600000	-0.004586	0.000000	-0.000537	0.000001	0.000001	0	-0.031033
34.650000	-0.004438	0.000000	-0.000537	0.000001	0.000001	0	-0.031033
34.700000	-0.004365	0.000000	-0.000537	0.000001	0.000001	0	-0.031033
34.750000	-0.004365	0.000000	-0.000537	0.000001	0.000001	0	-0.031033
34.800000	-0.003918	0.000000	-0.000537	0.000000	0.000001	0	-0.031033
34.850000	-0.004216	0.000000	-0.000537	0.000000	0.000000	0	-0.031033
34.900000	-0.004519	0.000000	-0.000537	0.000000	0.000000	0	-0.031033
34.950000	-0.004369	0.000000	-0.000537	0.000000	0.000000	0	-0.031033
35.000000	-0.003768	0.000000	-0.000537	0.000000	0.000000	0	-0.031033
35.050000	-0.004072	0.000000	-0.000537	0.000000	0.000000	0	-0.031033
35.100000	-0.004288	0.000000	-0.000537	0.000000	0.000000	0	-0.031033
35.150000	-0.004067	0.000000	-0.000537	0.000000	0.000000	0	-0.031033
35.200000	-0.003991	0.000000	-0.000537	0.000000	0.000000	0	-0.031033
35.250000	-0.003772	0.000000	-0.000537	0.000000	0.000000	0	-0.031033
35.300000	-0.003914	0.000000	-0.000537	0.000000	0.000000	0	-0.031033
35.350000	-0.003839	0.000000	-0.000537	0.000000	0.000000	0	-0.031033
35.400000	-0.003991	0.000000	-0.000537	0.000000	0.000000	0	-0.031033
35.450000	-0.003922	0.000000	-0.000537	0.000000	0.000000	0	-0.031033
35.500000	-0.003777	0.000000	-0.000537	0.000000	0.000000	0	-0.031033
35.550000	-0.003787	0.000000	-0.000537	0.000000	0.000001	0	-0.031033
35.600000	-0.003785	0.000000	-0.000537	0.000000	0.000001	0	-0.031033
35.650000	-0.003857	0.000000	-0.000537	0.000000	0.000001	0	-0.031033
35.700000	-0.003938	0.000000	-0.000537	0.000000	0.000000	0	-0.031033
35.750000	-0.003495	0.000000	-0.000537	0.000000	0.000000	0	-0.031033
35.800000	-0.003723	0.000000	-0.000537	0.000000	0.000000	0	-0.031033
35.850000	-0.003728	0.000000	-0.000537	0.000000	0.000001	0	-0.031033
35.900000	-0.003951	0.000000	-0.000537	0.000000	0.000001	0	-0.031033
35.950000	-0.003959	0.000000	-0.000537	0.000000	0.000001	0	-0.031033
36.000000	-0.003653	0.000000	-0.000537	0.000000	0.000001	0	-0.031033
36.050000	-0.003885	0.000000	-0.000537	0.000000	0.000001	0	-0.031033
36.100000	-0.004103	0.000000	-0.000537	0.000000	0.000001	0	-0.031033
36.150000	-0.004032	0.000000	-0.000537	0.000000	0.000001	0	-0.031033
36.200000	-0.004098	0.000000	-0.000537	0.000000	0.000001	0	-0.031033
36.250000	-0.004103	0.000000	-0.000537	0.000000	0.000001	0	-0.031033
36.300000	-0.004557	0.000000	-0.000537	0.000000	0.000000	0	-0.031033
36.350000	-0.004479	0.000000	-0.000537	0.000000	0.000000	0	-0.031033
36.400000	-0.004552	0.000000	-0.000537	0.000000	0.000000	0	-0.031033
36.450000	-0.004551	0.000000	-0.000537	0.000000	0.000001	0	-0.031033
36.500000	-0.004398	0.000000	-0.000537	0.000000	0.000001	0	-0.031033
36.550000	-0.004167	0.000000	-0.000537	0.000000	0.000001	0	-0.031033
36.600000	-0.004233	0.000000	-0.000537	0.000000	0.000001	0	-0.031033
36.650000	-0.004612	0.000000	-0.000537	0.000000	0.000002	0	-0.031033
36.700000	-0.004006	0.000000	-0.000537	0.000000	0.000002	0	-0.031033
36.750000	-0.004082	0.000000	-0.000537	0.000000	0.000002	0	-0.031033
36.800000	-0.004155	0.000000	-0.000537	0.000000	0.000001	0	-0.031033
36.850000	-0.004080	0.000000	-0.000537	0.000000	0.000001	0	-0.031033
36.900000	-0.003623	0.000000	-0.000537	0.000000	0.000001	0	-0.031033
36.950000	-0.003324	0.000000	-0.000537	0.000000	0.000000	0	-0.031033
37.000000	-0.003021	0.000000	-0.000537	0.000000	0.000000	0	-0.031033
37.050000	-0.003166	0.000000	-0.000537	0.000000	0.000000	0	-0.031033
37.100000	-0.003018	0.000000	-0.000537	0.000000	0.000000	0	-0.031033
37.150000	-0.003017	0.000000	-0.000537	0.000000	0.000000	0	-0.031033
37.200000	-0.002950	0.000000	-0.000537	0.000000	0.000000	0	-0.031033
37.250000	-0.002803	0.000000	-0.000537	0.000000	0.000001	0	-0.031033
37.300000	-0.002808	0.000000	-0.000537	0.000000	0.000001	0	-0.031033
37.350000	-0.003117	0.000000	-0.000537	0.000000	0.000001	0	-0.031033
37.400000	-0.002923	0.000000	-0.000537	0.000000	0.000001	0	-0.031033
37.450000	-0.001886	0.000000	-0.000537	0.000000	0.000001	0	-0.031033
37.500000	0.001276	0.000000	-0.000537	0.000002	0.000002	0	-0.031033
37.550000	0.001052	0.000000	-0.000537	0.000003	0.000004	0	-0.031033
37.600000	0.003385	0.000000	-0.000537	0.000005	0.000005	0	-0.031033
37.650000	0.008467	0.000423	0.000212	0.000013	0.000006	1	-0.031022
37.700000	0.010898	0.000968	0.000696	0.000023	0.000008	1	-0.030987
37.750000	0.013472	0.001642	0.001305	0.000036	0.000011	1	-0.030922
37.800000	0.014924	0.002388	0.002015	0.000049	0.000014	1	-0.030821
37.850000	0.015400	0.003158	0.002773	0.000058	0.000017	1	-0.030683
37.900000	0.016889	0.004003	0.003580	0.000066	0.000017	1	-0.030504
37.950000	0.018078	0.004906	0.004455	0.000070	0.000016	1	-0.030281
38.000000	0.018870	0.005850	0.005378	0.000069	0.000012	1	-0.030012
38.050000	0.019650	0.006832	0.006341	0.000063	0.000009	1	-0.029695
38.100000	0.019961	0.007831	0.007331	0.000053	0.000006	1	-0.029328
38.150000	0.017313	0.008696	0.008263	0.000042	0.000007	1	-0.028915
38.200000	0.021574	0.009775	0.009235	0.000030	0.000009	1	-0.028454
38.250000	0.017787	0.010664	0.010220	0.000016	0.000015	1	-0.027943
38.300000	0.013302	0.011329	0.010997	0.000011	0.000023	1	-0.027393
38.350000	0.011050	0.011882	0.011606	0.000010	0.000031	1	-0.026812
38.400000	0.010365	0.012400	0.012141	0.000012	0.000041	1	-0.026205
38.450000	0.009227	0.012861	0.012631	0.000017	0.000049	1	-0.025574
38.500000	0.007494	0.013236	0.013049	0.000023	0.000053	1	-0.024921
38.550000	0.004149	0.013444	0.013340	0.000033	0.000050	1	-0.024254
38.600000	0.005885	0.013738	0.013591	0.000038	0.000042	1	-0.023575
38.650000	0.004807	0.013978	0.013858	0.000041	0.000034	1	-0.022882
38.700000	0.003518	0.014154	0.014066	0.000042	0.000025	1	-0.022179
38.750000	0.000856	0.014197	0.014175	0.000043	0.000017	1	-0.021470
38.800000	-0.000252	0.014184	0.014191	0.000044	0.000012	1	-0.020760
38.850000	-0.004301	0.013969	0.014077	0.000039	0.000006	1	-0.020057
38.900000	-0.002318	0.013853	0.013911	0.000032	0.000005	1	-0.019361
38.950000	-0.003594	0.013674	0.013763	0.000030	0.000004	1	-0.018673
39.000000	-0.003173	0.013515	0.013594	0.000028	0.000004	1	-0.017993
39.050000	-0.004834	0.013273	0.013394	0.000025	0.000005	1	-0.017323
39.100000	-0.004622	0.013042	0.013158	0.000022	0.000005	1	-0.016665
39.150000	-0.002831	0.012901	0.012971	0.000017	0.000005	1	-0.016017
39.200000	-0.000603	0.012870	0.012886	0.000015	0.000003	1	-0.015373
39.250000	-0.003221	0.012709	0.012790	0.000011	0.000002	1	-0.014733
39.300000	-0.002620	0.000000	0.012790	0.000007	0.000002	0	-0.014733
39.350000	-0.001703	0.000000	0.012790	0.000004	0.000002	0	-0.014733
39.400000	0.000217	0.000000	0.012790	0.000003	0.000002	0	-0.014733
39.450000	0.001034	0.000000	0.012790	0.000004	0.000002	0	-0.014733
39.500000	0.001043	0.000000	0.012790	0.000004	0.000001	0	-0.014733
39.550000	0.000816	0.000000	0.012790	0.000005	0.000002	0	-0.014733
39.600000	0.001575	0.000000	0.012790	0.000006	0.000003	0	-0.014733
39.650000	0.001501	0.000000	0.012790	0.000006	0.000004	0	-0.014733
39.700000	0.001350	0.000000	0.012790	0.000005	0.000004	0	-0.014733
39.750000	0.001277	0.000000	0.012790	0.000004	0.000005	0	-0.014733
39.800000	0.001201	0.000000	0.012790	0.000003	0.000005	0	-0.014733
39.850000	0.001127	0.000000	0.012790	0.000003	0.000005	0	-0.014733
39.900000	0.001196	0.000000	0.012790	0.000002	0.000004	0	-0.014733
39.950000	0.000966	0.000000	0.012790	0.000001	0.000003	0	-0.014733
40.000000	0.000966	0.000000	0.012790	0.000000	0.000002	0	-0.014733
40.050000	0.000366	0.000000	0.012790	0.000000	0.000001	0	-0.014733
40.100000	0.000597	0.000000	0.012790	0.000000	0.000001	0	-0.014733
40.150000	0.000673	0.000000	0.012790	0.000000	0.000000	0	-0.014733
40.200000	0.000673	0.000000	0.012790	0.000000	0.000000	0	-0.014733
40.250000	0.000658	0.000000	0.012790	0.000000	0.000000	0	-0.014733
40.300000	0.000430	0.000000	0.012790	0.000000	0.000000	0	-0.014733
40.350000	0.000654	0.000000	0.012790	0.000000	0.000000	0	-0.014733
40.400000	0.000579	0.000000	0.012790	0.000000	0.000000	0	-0.014733
40.450000	0.000198	0.000000	0.012790	0.000000	0.000000	0	-0.014733
40.500000	0.000195	0.000000	0.012790	0.000000	0.000000	0	-0.014733
40.550000	0.000426	0.000000	0.012790	0.000000	0.000000	0	-0.014733
40.600000	0.000504	0.000000	0.012790	0.000000	0.000000	0	-0.014733
40.650000	0.000424	0.000000	0.012790	0.000000	0.000000	0	-0.014733
40.700000	0.000870	0.000000	0.012790	0.000000	0.000000	0	-0.014733
40.750000	0.000945	0.000000	0.012790	0.000000	0.000000	0	-0.014733
40.800000	0.000789	0.000000	0.012790	0.000000	0.000000	0	-0.014733
40.850000	0.001015	0.000000	0.012790	0.000000	0.000000	0	-0.014733
40.900000	0.001029	0.000000	0.012790	0.000000	0.000000	0	-0.014733
40.950000	0.001178	0.000000	0.012790	0.000000	0.000000	0	-0.014733
41.000000	0.000727	0.000000	0.012790	0.000000	0.000001	0	-0.014733
41.050000	0.000872	0.000000	0.012790	0.000000	0.000000	0	-0.014733
41.100000	0.001025	0.000000	0.012790	0.000000	0.000000	0	-0.014733
41.150000	0.001026	0.000000	0.012790	0.000000	0.000001	0	-0.014733
41.200000	0.000797	0.000000	0.012790	0.000000	0.000001	0	-0.014733
41.250000	0.000795	0.000000	0.012790	0.000000	0.000000	0	-0.014733
41.300000	0.000500	0.000000	0.012790	0.000000	0.000000	0	-0.014733
41.350000	0.000573	0.000000	0.012790	0.000000	0.000000	0	-0.014733
41.400000	0.000417	0.000000	0.012790	0.000000	0.000000	0	-0.014733
41.450000	0.000575	0.000000	0.012790	0.000000	0.000000	0	-0.014733
41.500000	0.000200	0.000000	0.012790	0.000000	0.000000	0	-0.014733
41.550000	0.000049	0.000000	0.012790	0.000000	0.000000	0	-0.014733
41.600000	-0.000097	0.000000	0.012790	0.000000	0.000000	0	-0.014733
41.650000	0.000431	0.000000	0.012790	0.000000	0.000000	0	-0.014733
41.700000	0.000284	0.000000	0.012790	0.000000	0.000000	0	-0.014733
41.750000	0.000072	0.000000	0.012790	0.000000	0.000000	0	-0.014733
41.800000	0.000224	0.000000	0.012790	0.000000	0.000000	0	-0.014733
41.850000	-0.000150	0.000000	0.012790	0.000000	0.000000	0	-0.014733
41.900000	-0.000002	0.000000	0.012790	0.000000	0.000000	0	-0.014733
41.950000	0.000298	0.000000	0.012790	0.000000	0.000000	0	-0.014733
42.000000	0.000380	0.000000	0.012790	0.000000	0.000001	0	-0.014733
42.050000	0.000536	0.000000	0.012790	0.000000	0.000001	0	-0.014733
42.100000	0.000535	0.000000	0.012790	0.000000	0.000001	0	-0.014733
42.150000	0.000765	0.000000	0.012790	0.000000	0.000001	0	-0.014733
42.200000	0.000994	0.000000	0.012790	0.000000	0.000001	0	-0.014733
42.250000	0.001139	0.000000	0.012790	0.000000	0.000001	0	-0.014733
42.300000	0.000918	0.000000	0.012790	0.000000	0.000001	0	-0.014733
42.350000	0.000695	0.000000	0.012790	0.000000	0.000001	0	-0.014733
42.400000	0.000832	0.000000	0.012790	0.000000	0.000001	0	-0.014733
42.450000	0.000838	0.000000	0.012790	0.000000	0.000001	0	-0.014733
42.500000	0.001298	0.000000	0.012790	0.000000	0.000000	0	-0.014733
42.550000	0.001450	0.000000	0.012790	0.000000	0.000000	0	-0.014733
42.600000	0.001452	0.000000	0.012790	0.000000	0.000001	0	-0.014733
42.650000	0.001082	0.000000	0.012790	0.000000	0.000001	0	-0.014733
42.700000	0.001009	0.000000	0.012790	0.000000	0.000001	0	-0.014733
42.750000	0.000860	0.000000	0.012790	0.000000	0.000002	0	-0.014733
42.800000	0.000776	0.000000	0.012790	0.000000	0.000002	0	-0.014733
42.850000	0.000025	0.000000	0.012790	0.000000	0.000003	0	-0.014733
42.900000	-0.000202	0.000000	0.012790	0.000000	0.000007	0	-0.014733
42.950000	-0.000961	0.000000	0.012790	0.000001	0.000015	0	-0.014733
43.000000	0.000054	0.000000	0.012790	0.000001	0.000030	0	-0.014733
43.050000	-0.001448	0.000000	0.012790	0.000001	0.000071	0	-0.014733
43.100000	-0.005326	0.000000	0.012790	0.000003	0.000263	0	-0.014733
43.150000	-0.012148	-0.000607	-0.000304	0.000015	0.001102	1	-0.014748
43.200000	-0.021129	-0.001664	-0.001136	0.000046	0.003583	1	-0.014805
43.250000	-0.037490	-0.003538	-0.002601	0.000137	0.008826	1	-0.014935
43.300000	-0.054069	0.000000	-0.002601	0.000316	0.017765	0	-0.014935
43.350000	-0.077015	0.000000	-0.002601	0.000656	0.031887	0	-0.014935
43.400000	-0.102823	0.000000	-0.002601	0.001220	0.053947	0	-0.014935
43.450000	-0.137553	0.000000	-0.002601	0.002168	0.083916	0	-0.014935
43.500000	-0.176701	0.000000	-0.002601	0.003629	0.119831	0	-0.014935
43.550000	-0.224470	0.000000	-0.002601	0.005825	0.160999	0	-0.014935
43.600000	-0.277323	0.000000	-0.002601	0.008912	0.205217	0	-0.014935
43.650000	-0.336636	0.000000	-0.002601	0.013019	0.247711	0	-0.014935
43.700000	-0.397898	0.000000	-0.002601	0.018106	0.281236	0	-0.014935
43.750000	-0.462323	0.000000	-0.002601	0.024099	0.299909	0	-0.014935
43.800000	-0.525514	0.000000	-0.002601	0.030658	0.300846	0	-0.014935
43.850000	-0.587949	0.000000	-0.002601	0.037342	0.282405	0	-0.014935
43.900000	-0.644078	0.000000	-0.002601	0.043570	0.246370	0	-0.014935
43.950000	-0.700546	0.000000	-0.002601	0.048874	0.198330	0	-0.014935
44.000000	-0.753159	0.000000	-0.002601	0.052846	0.145621	0	-0.014935
44.050000	-0.800680	0.000000	-0.002601	0.054939	0.097944	0	-0.014935
44.100000	-0.840949	0.000000	-0.002601	0.054966	0.062691	0	-0.014935
44.150000	-0.875360	0.000000	-0.002601	0.052827	0.042472	0	-0.014935
44.200000	-0.903258	0.000000	-0.002601	0.048854	0.039333	0	-0.014935
44.250000	-0.924404	0.000000	-0.002601	0.043396	0.052767	0	-0.014935
44.300000	-0.941252	0.000000	-0.002601	0.037137	0.076495	0	-0.014935
44.350000	-0.954483	0.000000	-0.002601	0.030584	0.102037	0	-0.014935
44.400000	-0.962100	0.000000	-0.002601	0.024239	0.125854	0	-0.014935
44.450000	-0.968670	0.000000	-0.002601	0.018465	0.144667	0	-0.014935
44.500000	-0.971806	0.000000	-0.002601	0.013504	0.155590	0	-0.014935
44.550000	-0.976153	0.000000	-0.002601	0.009364	0.157346	0	-0.014935
44.600000	-0.978641	0.000000	-0.002601	0.006177	0.151560	0	-0.014935
44.650000	-0.979780	0.000000	-0.002601	0.003877	0.139663	0	-0.014935
44.700000	-0.982060	0.000000	-0.002601	0.002336	0.126493	0	-0.014935
44.750000	-0.983531	0.000000	-0.002601	0.001346	0.112688	0	-0.014935
44.800000	-0.984699	0.000000	-0.002601	0.000751	0.098382	0	-0.014935
44.850000	-0.984978	0.000000	-0.002601	0.000410	0.084916	0	-0.014935
44.900000	-0.985976	0.000000	-0.002601	0.000219	0.073908	0	-0.014935
44.950000	-0.987028	0.000000	-0.002601	0.000119	0.064898	0	-0.014935
45.000000	-0.987468	0.000000	-0.002601	0.000071	0.056429	0	-0.014935
45.050000	-0.987315	0.000000	-0.002601	0.000043	0.048627	0	-0.014935
45.100000	-0.987244	0.000000	-0.002601	0.000028	0.042146	0	-0.014935
45.150000	-0.988663	0.000000	-0.002601	0.000017	0.036270	0	-0.014935
45.200000	-0.988300	0.000000	-0.002601	0.000012	0.029997	0	-0.014935
45.250000	-0.988538	0.000000	-0.002601	0.000008	0.024256	0	-0.014935
45.300000	-0.988312	0.000000	-0.002601	0.000005	0.019339	0	-0.014935
45.350000	-0.988386	0.000000	-0.002601	0.000003	0.014284	0	-0.014935
45.400000	-0.988410	0.000000	-0.002601	0.000002	0.009582	0	-0.014935
45.450000	-0.988773	0.000000	-0.002601	0.000001	0.005882	0	-0.014935
45.500000	-0.988362	0.000000	-0.002601	0.000001	0.003204	0	-0.014935
45.550000	-0.988977	0.000000	-0.002601	0.000000	0.001298	0	-0.014935
45.600000	-0.988455	0.000000	-0.002601	0.000000	0.000354	0	-0.014935
45.650000	-0.988123	0.000000	-0.002601	0.000000	0.000138	0	-0.014935
45.700000	-0.988944	0.000000	-0.002601	0.000000	0.000096	0	-0.014935
45.750000	-0.988358	0.000000	-0.002601	0.000000	0.000092	0	-0.014935
45.800000	-0.988976	0.000000	-0.002601	0.000000	0.000083	0	-0.014935
45.850000	-0.989035	0.000000	-0.002601	0.000000	0.000058	0	-0.014935
45.900000	-0.989568	0.000000	-0.002601	0.000000	0.000053	0	-0.014935
45.950000	-0.989608	0.000000	-0.002601	0.000000	0.000060	0	-0.014935
46.000000	-0.990354	0.000000	-0.002601	0.000000	0.000057	0	-0.014935
46.050000	-0.989774	0.000000	-0.002601	0.000000	0.000053	0	-0.014935
46.100000	-0.990455	0.000000	-0.002601	0.000001	0.000049	0	-0.014935
46.150000	-0.991200	0.000000	-0.002601	0.000001	0.000048	0	-0.014935
46.200000	-0.990689	0.000000	-0.002601	0.000001	0.000049	0	-0.014935
46.250000	-0.990637	0.000000	-0.002601	0.000001	0.000048	0	-0.014935
46.300000	-0.990150	0.000000	-0.002601	0.000001	0.000053	0	-0.014935
46.350000	-0.990197	0.000000	-0.002601	0.000001	0.000093	0	-0.014935
46.400000	-0.990192	0.000000	-0.002601	0.000000	0.000156	0	-0.014935
46.450000	-0.990164	0.000000	-0.002601	0.000000	0.000215	0	-0.014935
46.500000	-0.989592	0.000000	-0.002601	0.000000	0.000225	0	-0.014935
46.550000	-0.989575	0.000000	-0.002601	0.000000	0.000211	0	-0.014935
46.600000	-0.988934	0.000000	-0.002601	0.000000	0.000177	0	-0.014935
46.650000	-0.988935	0.000000	-0.002601	0.000000	0.000156	0	-0.014935
46.700000	-0.989558	0.000000	-0.002601	0.000000	0.000135	0	-0.014935
46.750000	-0.989098	0.000000	-0.002601	0.000001	0.000112	0	-0.014935
46.800000	-0.988436	0.000000	-0.002601	0.000001	0.000085	0	-0.014935
46.850000	-0.988933	0.000000	-0.002601	0.000000	0.000061	0	-0.014935
46.900000	-0.989066	0.000000	-0.002601	0.000000	0.000050	0	-0.014935
46.950000	-0.989895	0.000000	-0.002601	0.000000	0.000075	0	-0.014935
47.000000	-0.989146	0.000000	-0.002601	0.000000	0.000129	0	-0.014935
47.050000	-0.989753	0.000000	-0.002601	0.000000	0.000147	0	-0.014935
47.100000	-0.989182	0.000000	-0.002601	0.000000	0.000129	0	-0.014935
47.150000	-0.989712	0.000000	-0.002601	0.000000	0.000112	0	-0.014935
47.200000	-0.988977	0.000000	-0.002601	0.000000	0.000099	0	-0.014935
47.250000	-0.989636	0.000000	-0.002601	0.000000	0.000103	0	-0.014935
47.300000	-0.989001	0.000000	-0.002601	0.000000	0.000104	0	-0.014935
47.350000	-0.988968	0.000000	-0.002601	0.000000	0.000105	0	-0.014935
47.400000	-0.988977	0.000000	-0.002601	0.000000	0.000100	0	-0.014935
47.450000	-0.989059	0.000000	-0.002601	0.000000	0.000088	0	-0.014935
47.500000	-0.989071	0.000000	-0.002601	0.000000	0.000078	0	-0.014935
47.550000	-0.989093	0.000000	-0.002601	0.000000	0.000083	0	-0.014935
47.600000	-0.989082	0.000000	-0.002601	0.000000	0.000094	0	-0.014935
47.650000	-0.989467	0.000000	-0.002601	0.000000	0.000085	0	-0.014935
47.700000	-0.989603	0.000000	-0.002601	0.000000	0.000067	0	-0.014935
47.750000	-0.989632	0.000000	-0.002601	0.000000	0.000050	0	-0.014935
47.800000	-0.989058	0.000000	-0.002601	0.000000	0.000048	0	-0.014935
47.850000	-0.989294	0.000000	-0.002601	0.000000	0.000047	0	-0.014935
47.900000	-0.989258	0.000000	-0.002601	0.000000	0.000049	0	-0.014935
47.950000	-0.989298	0.000000	-0.002601	0.000000	0.000049	0	-0.014935
48.000000	-0.989286	0.000000	-0.002601	0.000000	0.000047	0	-0.014935
48.050000	-0.989717	0.000000	-0.002601	0.000000	0.000041	0	-0.014935
48.100000	-0.989491	0.000000	-0.002601	0.000000	0.000049	0	-0.014935
48.150000	-0.988870	0.000000	-0.002601	0.000000	0.000149	0	-0.014935
48.200000	-0.989295	0.000000	-0.002601	0.000000	0.000548	0	-0.014935
48.250000	-0.988453	0.000000	-0.002601	0.000000	0.001679	0	-0.014935
48.300000	-0.987316	0.000000	-0.002601	0.000000	0.004046	0	-0.014935
48.350000	-0.985751	0.000000	-0.002601	0.000001	0.007480	0	-0.014935
48.400000	-0.984742	0.000000	-0.002601	0.000003	0.011646	0	-0.014935
48.450000	-0.982910	0.000000	-0.002601	0.000005	0.016715	0	-0.014935
48.500000	-0.980451	0.000000	-0.002601	0.000009	0.022764	0	-0.014935
48.550000	-0.976372	0.000000	-0.002601	0.000018	0.029845	0	-0.014935
48.600000	-0.970924	0.000000	-0.002601	0.000036	0.038317	0	-0.014935
48.650000	-0.963379	0.000000	-0.002601	0.000070	0.048542	0	-0.014935
48.700000	-0.953140	0.000000	-0.002601	0.000134	0.059843	0	-0.014935
48.750000	-0.941772	0.000000	-0.002601	0.000240	0.072181	0	-0.014935
48.800000	-0.924359	0.000000	-0.002601	0.000435	0.084910	0	-0.014935
48.850000	-0.902490	0.000000	-0.002601	0.000772	0.097074	0	-0.014935
48.900000	-0.876725	0.000000	-0.002601	0.001320	0.108968	0	-0.014935
48.950000	-0.847988	0.000000	-0.002601	0.002136	0.119711	0	-0.014935
49.000000	-0.813732	0.000000	-0.002601	0.003325	0.128919	0	-0.014935
49.050000	-0.772290	0.000000	-0.002601	0.005036	0.134352	0	-0.014935
49.100000	-0.728140	0.000000	-0.002601	0.007326	0.135382	0	-0.014935
49.150000	-0.678610	0.000000	-0.002601	0.010291	0.130319	0	-0.014935
49.200000	-0.624796	0.000000	-0.002601	0.013993	0.119504	0	-0.014935
49.250000	-0.570361	0.000000	-0.002601	0.018306	0.103594	0	-0.014935
49.300000	-0.514550	0.000000	-0.002601	0.023078	0.084087	0	-0.014935
49.350000	-0.458567	0.000000	-0.002601	0.028076	0.063200	0	-0.014935
49.400000	-0.400523	0.000000	-0.002601	0.033065	0.043995	0	-0.014935
49.450000	-0.348060	0.000000	-0.002601	0.037575	0.028833	0	-0.014935
49.500000	-0.296325	0.000000	-0.002601	0.041382	0.019460	0	-0.014935
49.550000	-0.247270	0.000000	-0.002601	0.044201	0.018328	0	-0.014935
49.600000	-0.201663	0.000000	-0.002601	0.045723	0.026744	0	-0.014935
49.650000	-0.162908	0.000000	-0.002601	0.045693	0.045099	0	-0.014935
49.700000	-0.130168	0.000000	-0.002601	0.044185	0.071457	0	-0.014935
49.750000	-0.101438	0.000000	-0.002601	0.041298	0.102412	0	-0.014935
49.800000	-0.077494	0.000000	-0.002601	0.037358	0.133055	0	-0.014935
49.850000	-0.059350	0.000000	-0.002601	0.032712	0.159649	0	-0.014935
49.900000	-0.043469	0.000000	-0.002601	0.027700	0.179358	0	-0.014935
49.950000	-0.030554	0.000000	-0.002601	0.022670	0.190024	0	-0.014935
50.000000	-0.020577	0.000000	-0.002601	0.017895	0.190521	0	-0.014935
50.050000	-0.014508	0.000000	-0.002601	0.013682	0.182141	0	-0.014935
50.100000	-0.008715	0.000000	-0.002601	0.010047	0.165754	0	-0.014935
50.150000	-0.006190	0.000000	-0.002601	0.007077	0.143412	0	-0.014935
50.200000	-0.005496	0.000000	-0.002601	0.004785	0.118715	0	-0.014935
50.250000	-0.005005	0.000000	-0.002601	0.003134	0.094203	0	-0.014935
50.300000	-0.003007	0.000000	-0.002601	0.001986	0.071851	0	-0.014935
50.350000	-0.002325	0.000000	-0.002601	0.001204	0.052484	0	-0.014935
50.400000	-0.001120	0.000000	-0.002601	0.000703	0.036904	0	-0.014935
50.450000	-0.001347	0.000000	-0.002601	0.000395	0.024554	0	-0.014935
50.500000	-0.001053	0.000000	-0.002601	0.000205	0.015542	0	-0.014935
50.550000	-0.001124	-0.000056	-0.000028	0.000098	0.009468	1	-0.014937
50.600000	-0.001195	-0.000116	-0.000086	0.000044	0.005335	1	-0.014941
50.650000	-0.000971	-0.000165	-0.000140	0.000020	0.002647	1	-0.014948
50.700000	-0.000743	0.000000	-0.000140	0.000008	0.001136	0	-0.014948
50.750000	-0.000677	0.000000	-0.000140	0.000005	0.000476	0	-0.014948
50.800000	-0.000451	0.000000	-0.000140	0.000003	0.000202	0	-0.014948
50.850000	-0.000370	0.000000	-0.000140	0.000002	0.000088	0	-0.014948
50.900000	0.000007	0.000000	-0.000140	0.000001	0.000031	0	-0.014948
50.950000	-0.000364	0.000000	-0.000140	0.000000	0.000015	0	-0.014948
51.000000	-0.000364	0.000000	-0.000140	0.000000	0.000006	0	-0.014948
51.050000	-0.000297	0.000000	-0.000140	0.000000	0.000002	0	-0.014948
51.100000	0.000004	0.000000	-0.000140	0.000000	0.000001	0	-0.014948
51.150000	0.000005	0.000000	-0.000140	0.000000	0.000001	0	-0.014948
51.200000	-0.000231	0.000000	-0.000140	0.000000	0.000001	0	-0.014948
51.250000	-0.000230	0.000000	-0.000140	0.000000	0.000001	0	-0.014948
51.300000	-0.000156	0.000000	-0.000140	0.000000	0.000002	0	-0.014948
51.350000	-0.000243	0.000000	-0.000140	0.000000	0.000003	0	-0.014948
51.400000	-0.000231	0.000000	-0.000140	0.000000	0.000003	0	-0.014948
51.450000	-0.000225	0.000000	-0.000140	0.000000	0.000003	0	-0.014948
51.500000	-0.000304	0.000000	-0.000140	0.000000	0.000002	0	-0.014948
51.550000	-0.000305	0.000000	-0.000140	0.000000	0.000002	0	-0.014948
51.600000	0.000067	0.000000	-0.000140	0.000000	0.000002	0	-0.014948
51.650000	-0.000001	0.000000	-0.000140	0.000000	0.000001	0	-0.014948
51.700000	-0.000376	0.000000	-0.000140	0.000000	0.000001	0	-0.014948
51.750000	-0.000599	0.000000	-0.000140	0.000000	0.000000	0	-0.014948
51.800000	-0.000516	0.000000	-0.000140	0.000000	0.000000	0	-0.014948
51.850000	-0.000363	0.000000	-0.000140	0.000000	0.000000	0	-0.014948
51.900000	0.000089	0.000000	-0.000140	0.000000	0.000000	0	-0.014948
51.950000	0.000173	0.000000	-0.000140	0.000000	0.000000	0	-0.014948
52.000000	0.000416	0.000000	-0.000140	0.000000	0.000000	0	-0.014948
52.050000	0.000263	0.000000	-0.000140	0.000000	0.000000	0	-0.014948
52.100000	0.000256	0.000000	-0.000140	0.000000	0.000000	0	-0.014948
52.150000	0.000400	0.000000	-0.000140	0.000000	0.000000	0	-0.014948
52.200000	0.000097	0.000000	-0.000140	0.000000	0.000000	0	-0.014948
52.250000	0.000175	0.000000	-0.000140	0.000000	0.000000	0	-0.014948
52.300000	0.000238	0.000000	-0.000140	0.000000	0.000001	0	-0.014948
52.350000	0.000546	0.000000	-0.000140	0.000000	0.000001	0	-0.014948
52.400000	0.000694	0.000000	-0.000140	0.000000	0.000001	0	-0.014948
52.450000	0.000620	0.000000	-0.000140	0.000000	0.000001	0	-0.014948
52.500000	0.000845	0.000000	-0.000140	0.000000	0.000001	0	-0.014948
52.550000	0.000689	0.000000	-0.000140	0.000000	0.000001	0	-0.014948
52.600000	0.000833	0.000000	-0.000140	0.000000	0.000001	0	-0.014948
52.650000	0.000676	0.000000	-0.000140	0.000000	0.000001	0	-0.014948
52.700000	0.000823	0.000000	-0.000140	0.000000	0.000001	0	-0.014948
52.750000	0.000596	0.000000	-0.000140	0.000000	0.000001	0	-0.014948
52.800000	0.000155	0.000000	-0.000140	0.000000	0.000001	0	-0.014948
52.850000	0.000148	0.000000	-0.000140	0.000000	0.000000	0	-0.014948
52.900000	-0.000148	0.000000	-0.000140	0.000000	0.000000	0	-0.014948
52.950000	-0.000137	0.000000	-0.000140	0.000000	0.000000	0	-0.014948
53.000000	-0.000363	0.000000	-0.000140	0.000000	0.000000	0	-0.014948
53.050000	0.000444	0.000000	-0.000140	0.000000	0.000000	0	-0.014948
53.100000	0.000381	0.000000	-0.000140	0.000000	0.000001	0	-0.014948
53.150000	-0.000192	0.000000	-0.000140	0.000000	0.000002	0	-0.014948
53.200000	-0.000396	0.000000	-0.000140	0.000000	0.000002	0	-0.014948
53.250000	-0.000747	0.000000	-0.000140	0.000000	0.000002	0	-0.014948
53.300000	-0.000784	0.000000	-0.000140	0.000000	0.000002	0	-0.014948
53.350000	-0.001020	0.000000	-0.000140	0.000000	0.000003	0	-0.014948
53.400000	-0.000982	0.000000	-0.000140	0.000000	0.000003	0	-0.014948
53.450000	-0.001052	0.000000	-0.000140	0.000000	0.000004	0	-0.014948
53.500000	-0.002554	0.000000	-0.000140	0.000001	0.000019	0	-0.014948
53.550000	-0.002202	0.000000	-0.000140	0.000001	0.000061	0	-0.014948
53.600000	-0.006465	0.000000	-0.000140	0.000003	0.000186	0	-0.014948
53.650000	-0.006041	0.000000	-0.000140	0.000005	0.000425	0	-0.014948
53.700000	-0.007377	0.000000	-0.000140	0.000007	0.000654	0	-0.014948
53.750000	-0.007620	0.000000	-0.000140	0.000009	0.000763	0	-0.014948
53.800000	-0.006228	0.000000	-0.000140	0.000009	0.000782	0	-0.014948
53.850000	-0.003267	0.000000	-0.000140	0.000008	0.000741	0	-0.014948
53.900000	-0.002234	0.000000	-0.000140	0.000008	0.000675	0	-0.014948
53.950000	-0.002267	0.000000	-0.000140	0.000007	0.000595	0	-0.014948
54.000000	-0.002352	0.000000	-0.000140	0.000007	0.000585	0	-0.014948
54.050000	-0.002264	0.000000	-0.000140	0.000006	0.000606	0	-0.014948
54.100000	-0.001147	0.000000	-0.000140	0.000006	0.000717	0	-0.014948
54.150000	0.000261	0.000000	-0.000140	0.000007	0.000914	0	-0.014948
54.200000	0.001185	0.000000	-0.000140	0.000009	0.001200	0	-0.014948
54.250000	0.006162	0.000308	0.000154	0.000015	0.001603	1	-0.014940
54.300000	0.005681	0.000592	0.000450	0.000020	0.001947	1	-0.014918
54.350000	0.008577	0.001021	0.000807	0.000024	0.001935	1	-0.014877
54.400000	0.008890	0.001465	0.001243	0.000026	0.001752	1	-0.014815
54.450000	0.008297	0.001880	0.001673	0.000025	0.001470	1	-0.014732
54.500000	0.005237	0.002142	0.002011	0.000023	0.001148	1	-0.014631
54.550000	0.004318	0.002358	0.002250	0.000021	0.000868	1	-0.014518
54.600000	0.004522	0.002584	0.002471	0.000018	0.000607	1	-0.014395
54.650000	0.004913	0.002830	0.002707	0.000015	0.000597	1	-0.014260
54.700000	0.004931	0.003076	0.002953	0.000011	0.000646	1	-0.014112
54.750000	0.004099	0.000000	0.002953	0.000007	0.000789	0	-0.014112
54.800000	0.004183	0.000000	0.002953	0.000005	0.000914	0	-0.014112
54.850000	0.002823	0.000000	0.002953	0.000004	0.001038	0	-0.014112
54.900000	0.001943	0.000000	0.002953	0.000005	0.001071	0	-0.014112
54.950000	0.001987	0.000000	0.002953	0.000006	0.000896	0	-0.014112
55.000000	-0.000318	0.000000	0.002953	0.000007	0.000660	0	-0.014112
55.050000	-0.000423	0.000000	0.002953	0.000006	0.000441	0	-0.014112
55.100000	-0.000587	0.000000	0.002953	0.000005	0.000268	0	-0.014112
55.150000	-0.000297	0.000000	0.002953	0.000005	0.000153	0	-0.014112
55.200000	-0.000440	0.000000	0.002953	0.000006	0.000087	0	-0.014112
55.250000	-0.000661	0.000000	0.002953	0.000006	0.000037	0	-0.014112
55.300000	-0.000968	0.000000	0.002953	0.000005	0.000034	0	-0.014112
55.350000	-0.000900	0.000000	0.002953	0.000004	0.000035	0	-0.014112
55.400000	-0.000835	0.000000	0.002953	0.000003	0.000029	0	-0.014112
55.450000	-0.000832	0.000000	0.002953	0.000002	0.000026	0	-0.014112
55.500000	-0.000842	0.000000	0.002953	0.000001	0.000020	0	-0.014112
55.550000	-0.001218	0.000000	0.002953	0.000001	0.000011	0	-0.014112
55.600000	-0.001372	0.000000	0.002953	0.000000	0.000001	0	-0.014112
55.650000	-0.001899	0.000000	0.002953	0.000000	0.000001	0	-0.014112
55.700000	-0.001671	0.000000	0.002953	0.000000	0.000001	0	-0.014112
55.750000	-0.002049	0.000000	0.002953	0.000000	0.000001	0	-0.014112
55.800000	-0.002051	0.000000	0.002953	0.000000	0.000001	0	-0.014112
55.850000	-0.002434	0.000000	0.002953	0.000000	0.000001	0	-0.014112
55.900000	-0.002823	0.000000	0.002953	0.000000	0.000001	0	-0.014112
55.950000	-0.002832	0.000000	0.002953	0.000001	0.000003	0	-0.014112
56.000000	-0.003147	0.000000	0.002953	0.000001	0.000006	0	-0.014112
56.050000	-0.003456	0.000000	0.002953	0.000001	0.000008	0	-0.014112
56.100000	-0.003690	0.000000	0.002953	0.000001	0.000009	0	-0.014112
56.150000	-0.003925	0.000000	0.002953	0.000001	0.000010	0	-0.014112
56.200000	-0.003716	0.000000	0.002953	0.000001	0.000010	0	-0.014112
56.250000	-0.003646	0.000000	0.002953	0.000001	0.000010	0	-0.014112
56.300000	-0.003504	0.000000	0.002953	0.000001	0.000009	0	-0.014112
56.350000	-0.003809	0.000000	0.002953	0.000000	0.000007	0	-0.014112
56.400000	-0.003508	0.000000	0.002953	0.000000	0.000005	0	-0.014112
56.450000	-0.003886	0.000000	0.002953	0.000000	0.000003	0	-0.014112
56.500000	-0.003899	0.000000	0.002953	0.000000	0.000001	0	-0.014112
56.550000	-0.003740	0.000000	0.002953	0.000000	0.000002	0	-0.014112
56.600000	-0.003963	0.000000	0.002953	0.000000	0.000005	0	-0.014112
56.650000	-0.003802	0.000000	0.002953	0.000000	0.000009	0	-0.014112
56.700000	-0.003870	0.000000	0.002953	0.000000	0.000011	0	-0.014112
56.750000	-0.004175	0.000000	0.002953	0.000000	0.000013	0	-0.014112
56.800000	-0.003947	0.000000	0.002953	0.000000	0.000014	0	-0.014112
56.850000	-0.003930	0.000000	0.002953	0.000000	0.000015	0	-0.014112
56.900000	-0.004073	0.000000	0.002953	0.000000	0.000014	0	-0.014112
56.950000	-0.004221	0.000000	0.002953	0.000000	0.000012	0	-0.014112
57.000000	-0.004436	0.000000	0.002953	0.000000	0.000010	0	-0.014112
57.050000	-0.004508	0.000000	0.002953	0.000000	0.000007	0	-0.014112
57.100000	-0.004355	0.000000	0.002953	0.000000	0.000004	0	-0.014112
57.150000	-0.003966	0.000000	0.002953	0.000000	0.000001	0	-0.014112
57.200000	-0.003815	0.000000	0.002953	0.000000	0.000000	0	-0.014112
57.250000	-0.003279	0.000000	0.002953	0.000000	0.000000	0	-0.014112
57.300000	-0.003196	0.000000	0.002953	0.000000	0.000000	0	-0.014112
57.350000	-0.003262	0.000000	0.002953	0.000000	0.000000	0	-0.014112
57.400000	-0.002727	0.000000	0.002953	0.000000	0.000000	0	-0.014112
57.450000	-0.002576	0.000000	0.002953	0.000000	0.000000	0	-0.014112
57.500000	-0.002582	0.000000	0.002953	0.000001	0.000001	0	-0.014112
57.550000	-0.002208	0.000000	0.002953	0.000001	0.000001	0	-0.014112
57.600000	-0.001835	0.000000	0.002953	0.000001	0.000001	0	-0.014112
57.650000	-0.002081	0.000000	0.002953	0.000001	0.000002	0	-0.014112
57.700000	-0.002178	0.000000	0.002953	0.000001	0.000003	0	-0.014112
57.750000	-0.002269	0.000000	0.002953	0.000001	0.000003	0	-0.014112
57.800000	-0.002513	0.000000	0.002953	0.000000	0.000005	0	-0.014112
57.850000	-0.002303	0.000000	0.002953	0.000000	0.000005	0	-0.014112
57.900000	-0.002545	0.000000	0.002953	0.000000	0.000005	0	-0.014112
57.950000	-0.002708	0.000000	0.002953	0.000000	0.000005	0	-0.014112
58.000000	-0.002203	0.000000	0.002953	0.000000	0.000004	0	-0.014112
58.050000	-0.002056	0.000000	0.002953	0.000000	0.000003	0	-0.014112
58.100000	-0.002288	0.000000	0.002953	0.000000	0.000003	0	-0.014112
58.150000	-0.001844	0.000000	0.002953	0.000000	0.000002	0	-0.014112
58.200000	-0.001865	0.000000	0.002953	0.000000	0.000001	0	-0.014112
58.250000	-0.001947	0.000000	0.002953	0.000000	0.000001	0	-0.014112
58.300000	-0.001293	0.000000	0.002953	0.000000	0.000012	0	-0.014112
58.350000	-0.001290	0.000000	0.002953	0.000000	0.000066	0	-0.014112
58.400000	-0.000722	0.000000	0.002953	0.000000	0.000190	0	-0.014112
58.450000	-0.000715	0.000000	0.002953	0.000000	0.000300	0	-0.014112
58.500000	-0.000525	0.000000	0.002953	0.000001	0.000389	0	-0.014112
58.550000	-0.001101	0.000000	0.002953	0.000001	0.000450	0	-0.014112
58.600000	-0.000337	0.000000	0.002953	0.000001	0.000484	0	-0.014112
58.650000	-0.000484	0.000000	0.002953	0.000000	0.000485	0	-0.014112
58.700000	0.000196	0.000000	0.002953	0.000001	0.000451	0	-0.014112
58.750000	0.001277	0.000000	0.002953	0.000001	0.000390	0	-0.014112
58.800000	0.000207	0.000000	0.002953	0.000001	0.000315	0	-0.014112
58.850000	0.000560	0.000000	0.002953	0.000001	0.000215	0	-0.014112
58.900000	0.000803	0.000000	0.002953	0.000001	0.000104	0	-0.014112
58.950000	0.001088	0.000000	0.002953	0.000001	0.000047	0	-0.014112
59.000000	0.001095	0.000000	0.002953	0.000001	0.000085	0	-0.014112
59.050000	0.000531	0.000000	0.002953	0.000001	0.000205	0	-0.014112
59.100000	0.000424	0.000000	0.002953	0.000001	0.000305	0	-0.014112
59.150000	0.000309	0.000000	0.002953	0.000001	0.000378	0	-0.014112
59.200000	0.000913	0.000000	0.002953	0.000000	0.000409	0	-0.014112
59.250000	-0.000515	0.000000	0.002953	0.000000	0.000392	0	-0.014112
59.300000	-0.005904	0.000000	0.002953	0.000003	0.000358	0	-0.014112
59.350000	-0.007324	0.000000	0.002953	0.000008	0.000330	0	-0.014112
59.400000	-0.007125	-0.000356	-0.000178	0.000011	0.000299	1	-0.014121
59.450000	-0.005674	-0.000640	-0.000498	0.000013	0.000246	1	-0.014146
59.500000	-0.005078	-0.000894	-0.000767	0.000013	0.000194	1	-0.014184
59.550000	-0.003318	-0.001060	-0.000977	0.000013	0.000168	1	-0.014233
59.600000	-0.004215	-0.001270	-0.001165	0.000012	0.000174	1	-0.014291
59.650000	-0.006228	-0.001582	-0.001426	0.000011	0.000175	1	-0.014362
59.700000	-0.005584	-0.001861	-0.001721	0.000010	0.000154	1	-0.014449
59.750000	-0.004913	0.000000	-0.001721	0.000008	0.000132	0	-0.014449
59.800000	-0.004643	0.000000	-0.001721	0.000006	0.000109	0	-0.014449
59.850000	-0.004187	0.000000	-0.001721	0.000004	0.000106	0	-0.014449
59.900000	-0.002737	0.000000	-0.001721	0.000002	0.000149	0	-0.014449
59.950000	0.003214	0.000000	-0.001721	0.000007	0.000215	0	-0.014449
60.000000	0.004141	0.000207	0.000104	0.000012	0.000282	1	-0.014443
60.050000	0.003725	0.000393	0.000300	0.000015	0.000321	1	-0.014428
60.100000	0.003610	0.000574	0.000484	0.000018	0.000344	1	-0.014404
60.150000	0.002938	0.000721	0.000647	0.000019	0.000340	1	-0.014372
60.200000	0.001282	0.000785	0.000753	0.000019	0.000293	1	-0.014334
60.250000	0.002331	0.000901	0.000843	0.000019	0.000206	1	-0.014292
60.300000	0.004980	0.001150	0.001026	0.000018	0.000166	1	-0.014241
60.350000	0.005046	0.001403	0.001277	0.000016	0.000135	1	-0.014177
60.400000	0.005042	0.001655	0.001529	0.000013	0.000106	1	-0.014100
60.450000	0.004883	0.000000	0.001529	0.000010	0.000077	0	-0.014100
60.500000	0.005040	0.000000	0.001529	0.000006	0.000056	0	-0.014100
60.550000	0.004967	0.000000	0.001529	0.000002	0.000056	0	-0.014100
60.600000	0.004669	0.000000	0.001529	0.000002	0.000062	0	-0.014100
60.650000	0.004738	0.000000	0.001529	0.000002	0.000063	0	-0.014100
60.700000	0.004517	0.000000	0.001529	0.000002	0.000059	0	-0.014100
60.750000	0.004742	0.000000	0.001529	0.000002	0.000054	0	-0.014100
60.800000	0.004809	0.000000	0.001529	0.000002	0.000044	0	-0.014100
60.850000	0.004805	0.000000	0.001529	0.000001	0.000026	0	-0.014100
60.900000	0.004660	0.000000	0.001529	0.000000	0.000004	0	-0.014100
60.950000	0.004289	0.000000	0.001529	0.000000	0.000002	0	-0.014100
61.000000	0.003987	0.000000	0.001529	0.000000	0.000002	0	-0.014100
61.050000	0.004209	0.000000	0.001529	0.000000	0.000001	0	-0.014100
61.100000	0.004214	0.000000	0.001529	0.000000	0.000001	0	-0.014100
61.150000	0.003988	0.000000	0.001529	0.000000	0.000001	0	-0.014100
61.200000	0.003910	0.000000	0.001529	0.000000	0.000000	0	-0.014100
61.250000	0.004060	0.000000	0.001529	0.000000	0.000000	0	-0.014100
61.300000	0.004141	0.000000	0.001529	0.000000	0.000000	0	-0.014100
61.350000	0.004365	0.000000	0.001529	0.000000	0.000000	0	-0.014100
61.400000	0.003988	0.000000	0.001529	0.000000	0.000000	0	-0.014100
61.450000	0.004067	0.000000	0.001529	0.000000	0.000000	0	-0.014100
61.500000	0.004370	0.000000	0.001529	0.000000	0.000000	0	-0.014100
61.550000	0.004443	0.000000	0.001529	0.000000	0.000000	0	-0.014100
61.600000	0.004595	0.000000	0.001529	0.000000	0.000000	0	-0.014100
61.650000	0.004677	0.000000	0.001529	0.000000	0.000000	0	-0.014100
61.700000	0.004603	0.000000	0.001529	0.000000	0.000000	0	-0.014100
61.750000	0.004375	0.000000	0.001529	0.000000	0.000000	0	-0.014100
61.800000	0.004302	0.000000	0.001529	0.000000	0.000000	0	-0.014100
61.850000	0.004078	0.000000	0.001529	0.000000	0.000000	0	-0.014100
61.900000	0.004075	0.000000	0.001529	0.000000	0.000000	0	-0.014100
61.950000	0.004066	0.000000	0.001529	0.000000	0.000000	0	-0.014100
62.000000	0.003688	0.000000	0.001529	0.000000	0.000000	0	-0.014100
62.050000	0.003609	0.000000	0.001529	0.000000	0.000000	0	-0.014100
62.100000	0.003223	0.000000	0.001529	0.000000	0.000000	0	-0.014100
62.150000	0.002994	0.000000	0.001529	0.000000	0.000001	0	-0.014100
62.200000	0.003221	0.000000	0.001529	0.000000	0.000001	0	-0.014100
62.250000	0.003519	0.000000	0.001529	0.000000	0.000001	0	-0.014100
62.300000	0.003369	0.000000	0.001529	0.000000	0.000001	0	-0.014100
62.350000	0.003373	0.000000	0.001529	0.000000	0.000001	0	-0.014100
62.400000	0.003309	0.000000	0.001529	0.000000	0.000001	0	-0.014100
62.450000	0.002837	0.000000	0.001529	0.000000	0.000001	0	-0.014100
