Time(s)		Data(rad/s)	Variance	Rotate	Angle(deg)
0.000000	-0.000956	-0.000956	0	0.000000
0.050000	0.003565	0.003565	0	0.000000
0.100000	0.000235	0.000235	0	0.000000
0.150000	0.001261	0.001261	0	0.000000
0.200000	-0.001083	-0.001083	0	0.000000
0.250000	-0.002222	-0.002222	0	0.000000
0.300000	-0.005693	-0.005693	0	0.000000
0.350000	-0.006724	-0.006724	0	0.000000
0.400000	-0.002122	-0.002122	0	0.000000
0.450000	0.000168	0.000168	0	0.000000
0.500000	0.011960	0.011960	1	0.034264
0.550000	-0.005646	-0.005646	0	0.034264
0.600000	-0.000198	0.000023	0	0.034264
0.650000	-0.000290	0.000025	0	0.034264
0.700000	-0.000203	0.000023	0	0.034264
0.750000	-0.000568	0.000023	0	0.034264
0.800000	-0.001049	0.000023	0	0.034264
0.850000	-0.001535	0.000023	0	0.034264
0.900000	-0.001580	0.000023	0	0.034264
0.950000	-0.001651	0.000021	0	0.034264
1.000000	-0.002455	0.000018	0	0.034264
1.050000	-0.000618	0.000017	0	0.034264
1.100000	0.000976	0.000017	0	0.034264
1.150000	0.007287	0.000010	0	0.034264
1.200000	0.024028	0.000052	0	0.034264
1.250000	0.034273	0.000136	0	0.034264
1.300000	0.043381	0.000255	0	0.034264
1.350000	0.031811	0.000302	0	0.034264
1.400000	0.012993	0.000296	0	0.034264
1.450000	0.002528	0.000289	0	0.034264
1.500000	-0.003656	0.000293	0	0.034264
1.550000	-0.014634	0.000335	0	0.034264
1.600000	-0.010132	0.000361	0	0.034264
1.650000	-0.010251	0.000383	0	0.034264
1.700000	0.017555	0.000381	0	0.034264
1.750000	0.031617	0.000405	0	0.034264
1.800000	0.004011	0.000411	0	0.034264
1.850000	-0.009888	0.000435	0	0.034264
1.900000	-0.015341	0.000425	0	0.034264
1.950000	-0.025227	0.000361	0	0.034264
2.000000	-0.016565	0.000286	0	0.034264
2.050000	-0.018934	0.000274	0	0.034264
2.100000	-0.027834	0.000304	0	0.034264
2.150000	-0.048864	0.000434	0	0.034264
2.200000	-0.037315	0.000498	0	0.034264
2.250000	-0.053417	0.000628	0	0.034264
2.300000	-0.054669	0.000746	0	0.034264
2.350000	-0.088168	0.000961	0	0.034264
2.400000	-0.097420	0.000983	0	0.034264
2.450000	-0.071275	0.000898	0	0.034264
2.500000	-0.072083	0.000841	0	0.034264
2.550000	-0.058726	0.000743	0	0.034264
2.600000	-0.057593	0.000673	0	0.034264
2.650000	-0.055213	0.000541	0	0.034264
2.700000	-0.033761	0.000452	0	0.034264
2.750000	-0.014004	0.000530	0	0.034264
2.800000	0.013523	0.000921	0	0.034264
2.850000	0.013537	0.001280	0	0.034264
2.900000	0.025479	0.001723	0	0.034264
2.950000	0.027913	0.002115	0	0.034264
3.000000	0.032462	0.002217	0	0.034264
3.050000	0.026037	0.001943	0	0.034264
3.100000	0.020712	0.001742	0	0.034264
3.150000	0.018668	0.001422	0	0.034264
3.200000	-0.000110	0.001117	0	0.034264
3.250000	0.000413	0.000780	0	0.034264
3.300000	0.000769	0.000424	0	0.034264
3.350000	0.000238	0.000235	0	0.034264
3.400000	0.000497	0.000170	0	0.034264
3.450000	0.000748	0.000178	0	0.034264
3.500000	0.000013	0.000191	0	0.034264
3.550000	0.000710	0.000183	0	0.034264
3.600000	0.001063	0.000158	0	0.034264
3.650000	0.000887	0.000103	0	0.034264
3.700000	0.000621	0.000061	0	0.034264
3.750000	-0.000189	0.000031	0	0.034264
3.800000	0.000162	0.000003	0	0.034264
3.850000	0.001154	0.000000	0	0.034264
3.900000	0.000352	0.000000	0	0.034264
3.950000	0.000150	0.000000	0	0.034264
4.000000	0.000486	0.000000	0	0.034264
4.050000	0.000125	0.000000	0	0.034264
4.100000	0.000300	0.000000	0	0.034264
4.150000	0.000655	0.000000	0	0.034264
4.200000	-0.000337	0.000000	0	0.034264
4.250000	-0.000176	0.000000	0	0.034264
4.300000	-0.000179	0.000000	0	0.034264
4.350000	0.000169	0.000000	0	0.034264
4.400000	0.000797	0.000000	0	0.034264
4.450000	0.000431	0.000000	0	0.034264
4.500000	-0.000392	0.000000	0	0.034264
4.550000	-0.000575	0.000000	0	0.034264
4.600000	-0.000926	0.000000	0	0.034264
4.650000	-0.000931	0.000000	0	0.034264
4.700000	-0.001121	0.000000	0	0.034264
4.750000	-0.001571	0.000001	0	0.034264
4.800000	-0.000677	0.000000	0	0.034264
4.850000	-0.000317	0.000000	0	0.034264
4.900000	-0.001385	0.000001	0	0.034264
4.950000	-0.001832	0.000001	0	0.034264
5.000000	-0.002455	0.000001	0	0.034264
5.050000	-0.003441	0.000001	0	0.034264
5.100000	-0.003265	0.000001	0	0.034264
5.150000	-0.002990	0.000001	0	0.034264
5.200000	-0.003178	0.000001	0	0.034264
5.250000	-0.003195	0.000001	0	0.034264
5.300000	-0.002847	0.000001	0	0.034264
5.350000	-0.002489	0.000001	0	0.034264
5.400000	-0.001780	0.000001	0	0.034264
5.450000	-0.002224	0.000001	0	0.034264
5.500000	-0.001877	0.000001	0	0.034264
5.550000	-0.000538	0.000001	0	0.034264
5.600000	-0.000639	0.000001	0	0.034264
5.650000	-0.000026	0.000001	0	0.034264
5.700000	0.000500	0.000002	0	0.034264
5.750000	0.002488	0.000003	0	0.034264
5.800000	0.002287	0.000004	0	0.034264
5.850000	0.005833	0.000007	0	0.034264
5.900000	0.012140	0.000018	0	0.034264
5.950000	0.032183	0.000092	0	0.034264
6.000000	0.032459	0.000157	0	0.034264
6.050000	0.028459	0.000192	0	0.034264
6.100000	0.015008	0.000187	0	0.034264
6.150000	0.011307	0.000175	0	0.034264
6.200000	-0.006866	0.000189	0	0.034264
6.250000	0.004594	0.000182	0	0.034264
6.300000	0.021569	0.000179	0	0.034264
6.350000	0.043083	0.000233	0	0.034264
6.400000	0.062975	0.000385	0	0.034264
6.450000	0.076415	0.000597	0	0.034264
6.500000	0.070672	0.000719	0	0.034264
6.550000	0.073643	0.000826	0	0.034264
6.600000	0.040379	0.000835	0	0.034264
6.650000	0.047216	0.000843	0	0.034264
6.700000	0.067095	0.000900	0	0.034264
6.750000	0.105094	0.001146	0	0.034264
6.800000	0.118155	0.001400	0	0.034264
6.850000	0.125837	0.001392	0	0.034264
6.900000	0.095324	0.001098	0	0.034264
6.950000	0.061618	0.000854	0	0.034264
7.000000	0.019532	0.001006	0	0.034264
7.050000	-0.018847	0.001686	0	0.034264
7.100000	-0.044795	0.002699	0	0.034264
7.150000	-0.041465	0.003524	0	0.034264
7.200000	-0.050908	0.004294	0	0.034264
7.250000	-0.037582	0.004825	0	0.034264
7.300000	-0.044871	0.005323	0	0.034264
7.350000	-0.061195	0.005779	0	0.034264
7.400000	-0.086296	0.005837	0	0.034264
7.450000	-0.096630	0.005255	0	0.034264
7.500000	-0.086322	0.003729	0	0.034264
7.550000	-0.066728	0.002232	0	0.034264
7.600000	-0.049623	0.001126	0	0.034264
7.650000	-0.028421	0.000646	0	0.034264
7.700000	-0.012185	0.000649	0	0.034264
7.750000	0.000601	0.000880	0	0.034264
7.800000	-0.000439	0.001094	0	0.034264
7.850000	0.000171	0.001285	0	0.034264
7.900000	-0.000115	0.001448	0	0.034264
7.950000	-0.000126	0.001586	0	0.034264
8.000000	-0.000124	0.001643	0	0.034264
8.050000	-0.000022	0.001451	0	0.034264
8.100000	0.000510	0.001020	0	0.034264
8.150000	-0.000031	0.000584	0	0.034264
8.200000	-0.000048	0.000282	0	0.034264
8.250000	-0.000602	0.000093	0	0.034264
8.300000	-0.001857	0.000019	0	0.034264
8.350000	-0.001069	0.000002	0	0.034264
8.400000	-0.001081	0.000001	0	0.034264
8.450000	-0.000737	0.000000	0	0.034264
8.500000	-0.000376	0.000000	0	0.034264
8.550000	0.000335	0.000000	0	0.034264
8.600000	-0.000279	0.000000	0	0.034264
8.650000	-0.000730	0.000000	0	0.034264
8.700000	-0.000742	0.000000	0	0.034264
8.750000	-0.000212	0.000000	0	0.034264
8.800000	0.000139	0.000000	0	0.034264
8.850000	-0.000118	0.000000	0	0.034264
8.900000	0.000690	0.000000	0	0.034264
8.950000	0.001043	0.000000	0	0.034264
9.000000	0.000784	0.000000	0	0.034264
9.050000	0.000707	0.000000	0	0.034264
9.100000	0.000434	0.000000	0	0.034264
9.150000	-0.000029	0.000000	0	0.034264
9.200000	-0.000485	0.000000	0	0.034264
9.250000	0.000477	0.000000	0	0.034264
9.300000	0.001094	0.000000	0	0.034264
9.350000	0.000383	0.000000	0	0.034264
9.400000	0.000033	0.000000	0	0.034264
9.450000	0.000389	0.000000	0	0.034264
9.500000	0.000295	0.000000	0	0.034264
9.550000	-0.000246	0.000000	0	0.034264
9.600000	0.000369	0.000000	0	0.034264
9.650000	0.000366	0.000000	0	0.034264
9.700000	-0.000454	0.000000	0	0.034264
9.750000	-0.000186	0.000000	0	0.034264
9.800000	-0.000618	0.000000	0	0.034264
9.850000	-0.000511	0.000000	0	0.034264
9.900000	-0.001220	0.000000	0	0.034264
9.950000	-0.001317	0.000000	0	0.034264
10.000000	-0.001057	0.000000	0	0.034264
10.050000	-0.000995	0.000000	0	0.034264
10.100000	0.001319	0.000001	0	0.034264
10.150000	0.001215	0.000001	0	0.034264
10.200000	0.001115	0.000001	0	0.034264
10.250000	0.001370	0.000001	0	0.034264
10.300000	0.001529	0.000001	0	0.034264
10.350000	0.002412	0.000002	0	0.034264
10.400000	0.002218	0.000002	0	0.034264
10.450000	0.002646	0.000002	0	0.034264
10.500000	0.002357	0.000002	0	0.034264
10.550000	0.003064	0.000002	0	0.034264
10.600000	0.002438	0.000002	0	0.034264
10.650000	0.006779	0.000003	0	0.034264
10.700000	0.009885	0.000007	0	0.034264
10.750000	0.019020	0.000026	0	0.034264
10.800000	0.019190	0.000044	0	0.034264
10.850000	0.016393	0.000051	0	0.034264
10.900000	0.025664	0.000075	0	0.034264
10.950000	0.017386	0.000077	0	0.034264
11.000000	0.013528	0.000073	0	0.034264
11.050000	0.018724	0.000070	0	0.034264
11.100000	0.027482	0.000078	0	0.034264
11.150000	0.016052	0.000067	0	0.034264
11.200000	0.021572	0.000055	0	0.034264
11.250000	0.003244	0.000052	0	0.034264
11.300000	-0.007295	0.000090	0	0.034264
11.350000	-0.023145	0.000208	0	0.034264
11.400000	-0.051507	0.000528	0	0.034264
11.450000	-0.062674	0.000911	0	0.034264
11.500000	-0.076291	0.001369	0	0.034264
11.550000	-0.086032	0.001778	0	0.034264
11.600000	-0.034370	0.001743	0	0.034264
11.650000	-0.021010	0.001647	0	0.034264
11.700000	-0.031570	0.001500	0	0.034264
11.750000	-0.050918	0.001274	0	0.034264
11.800000	-0.049386	0.001070	0	0.034264
11.850000	-0.063337	0.000792	0	0.034264
11.900000	-0.043505	0.000579	0	0.034264
11.950000	-0.036813	0.000437	0	0.034264
12.000000	-0.023667	0.000423	0	0.034264
12.050000	-0.007976	0.000546	0	0.034264
12.100000	0.002712	0.000695	0	0.034264
12.150000	0.018735	0.000830	0	0.034264
12.200000	0.018902	0.000758	0	0.034264
12.250000	-0.025063	0.000744	0	0.034264
12.300000	-0.035414	0.000751	0	0.034264
12.350000	-0.029987	0.000750	0	0.034264
12.400000	-0.019162	0.000691	0	0.034264
12.450000	-0.009210	0.000631	0	0.034264
12.500000	-0.001444	0.000468	0	0.034264
12.550000	-0.002819	0.000387	0	0.034264
12.600000	-0.003283	0.000326	0	0.034264
12.650000	-0.003806	0.000303	0	0.034264
12.700000	-0.003361	0.000303	0	0.034264
12.750000	-0.003090	0.000296	0	0.034264
12.800000	-0.002656	0.000236	0	0.034264
12.850000	-0.003020	0.000165	0	0.034264
12.900000	-0.002749	0.000145	0	0.034264
12.950000	-0.001944	0.000084	0	0.034264
13.000000	-0.002045	0.000030	0	0.034264
13.050000	-0.002151	0.000006	0	0.034264
13.100000	-0.002782	0.000001	0	0.034264
13.150000	-0.002603	0.000000	0	0.034264
13.200000	-0.002869	0.000000	0	0.034264
13.250000	-0.003041	0.000000	0	0.034264
13.300000	-0.003141	0.000000	0	0.034264
13.350000	-0.003491	0.000000	0	0.034264
13.400000	-0.003051	0.000000	0	0.034264
13.450000	-0.002954	0.000000	0	0.034264
13.500000	-0.002857	0.000000	0	0.034264
13.550000	-0.002325	0.000000	0	0.034264
13.600000	-0.002588	0.000000	0	0.034264
13.650000	-0.002044	0.000000	0	0.034264
13.700000	-0.001589	0.000000	0	0.034264
13.750000	-0.000698	0.000001	0	0.034264
13.800000	-0.000691	0.000001	0	0.034264
13.850000	0.000214	0.000001	0	0.034264
13.900000	0.001279	0.000002	0	0.034264
13.950000	0.002013	0.000003	0	0.034264
14.000000	0.002289	0.000004	0	0.034264
14.050000	0.001591	0.000004	0	0.034264
14.100000	0.000714	0.000004	0	0.034264
14.150000	0.000819	0.000003	0	0.034264
14.200000	0.000473	0.000003	0	0.034264
14.250000	0.000936	0.000002	0	0.034264
14.300000	0.000949	0.000001	0	0.034264
14.350000	0.000425	0.000001	0	0.034264
14.400000	-0.000180	0.000001	0	0.034264
14.450000	0.000111	0.000001	0	0.034264
14.500000	-0.000602	0.000001	0	0.034264
14.550000	-0.001088	0.000001	0	0.034264
14.600000	-0.001055	0.000001	0	0.034264
14.650000	0.000882	0.000001	0	0.034264
14.700000	0.003913	0.000002	0	0.034264
14.750000	-0.009804	0.000010	0	0.034264
14.800000	-0.020842	0.000042	0	0.034264
14.850000	-0.024912	0.000084	0	0.034264
14.900000	-0.026635	0.000124	0	0.034264
14.950000	-0.024772	0.000148	0	0.034264
15.000000	-0.008013	0.000144	0	0.034264
15.050000	0.000196	0.000144	0	0.034264
15.100000	0.009527	0.000164	0	0.034264
15.150000	0.022784	0.000237	0	0.034264
15.200000	0.028701	0.000336	0	0.034264
15.250000	0.041503	0.000504	0	0.034264
15.300000	0.037601	0.000630	0	0.034264
15.350000	0.042882	0.000768	0	0.034264
15.400000	0.053278	0.000928	0	0.034264
15.450000	0.066398	0.001076	0	0.034264
15.500000	0.079562	0.001202	0	0.034264
15.550000	0.085964	0.001222	0	0.034264
15.600000	0.085280	0.001086	0	0.034264
15.650000	0.069855	0.000892	0	0.034264
15.700000	0.060362	0.000676	0	0.034264
15.750000	0.041141	0.000508	0	0.034264
15.800000	0.030160	0.000458	0	0.034264
15.850000	0.026416	0.000465	0	0.034264
15.900000	0.015809	0.000575	0	0.034264
15.950000	0.017030	0.000672	0	0.034264
16.000000	0.006059	0.000839	0	0.034264
16.050000	0.011085	0.000960	0	0.034264
16.100000	0.012411	0.001009	0	0.034264
16.150000	0.014909	0.000926	0	0.034264
16.200000	0.011731	0.000732	0	0.034264
16.250000	0.010367	0.000470	0	0.034264
16.300000	0.009148	0.000279	0	0.034264
16.350000	0.004073	0.000133	0	0.034264
16.400000	0.014155	0.000065	0	0.034264
16.450000	0.012595	0.000036	0	0.034264
16.500000	0.010392	0.000017	0	0.034264
16.550000	0.007451	0.000014	0	0.034264
16.600000	0.007939	0.000011	0	0.034264
16.650000	0.010512	0.000009	0	0.034264
16.700000	0.010157	0.000009	0	0.034264
16.750000	0.006478	0.000010	0	0.034264
16.800000	-0.004836	0.000024	0	0.034264
16.850000	-0.006515	0.000041	0	0.034264
16.900000	-0.005793	0.000053	0	0.034264
16.950000	-0.006243	0.000064	0	0.034264
17.000000	0.000211	0.000067	0	0.034264
17.050000	-0.000089	0.000059	0	0.034264
17.100000	-0.000728	0.000051	0	0.034264
17.150000	-0.001351	0.000045	0	0.034264
17.200000	-0.001720	0.000042	0	0.034264
17.250000	-0.001201	0.000037	0	0.034264
17.300000	-0.000686	0.000026	0	0.034264
17.350000	-0.000986	0.000014	0	0.034264
17.400000	-0.000822	0.000007	0	0.034264
17.450000	-0.001824	0.000006	0	0.034264
17.500000	-0.002931	0.000005	0	0.034264
17.550000	-0.003768	0.000003	0	0.034264
17.600000	-0.003105	0.000002	0	0.034264
17.650000	-0.002616	0.000001	0	0.034264
17.700000	-0.002298	0.000001	0	0.034264
17.750000	-0.001432	0.000001	0	0.034264
17.800000	-0.000840	0.000001	0	0.034264
17.850000	-0.000060	0.000001	0	0.034264
17.900000	-0.000085	0.000002	0	0.034264
17.950000	-0.000471	0.000002	0	0.034264
18.000000	-0.000310	0.000002	0	0.034264
18.050000	-0.000780	0.000002	0	0.034264
18.100000	-0.000632	0.000002	0	0.034264
18.150000	0.000076	0.000002	0	0.034264
18.200000	-0.000028	0.000001	0	0.034264
18.250000	-0.000313	0.000001	0	0.034264
18.300000	-0.001130	0.000001	0	0.034264
18.350000	-0.001225	0.000000	0	0.034264
18.400000	-0.002037	0.000000	0	0.034264
18.450000	-0.001887	0.000001	0	0.034264
18.500000	-0.003336	0.000001	0	0.034264
18.550000	-0.003623	0.000002	0	0.034264
18.600000	-0.003457	0.000002	0	0.034264
18.650000	-0.003923	0.000002	0	0.034264
18.700000	-0.003579	0.000002	0	0.034264
18.750000	-0.003412	0.000002	0	0.034264
18.800000	-0.002808	0.000002	0	0.034264
18.850000	-0.002555	0.000001	0	0.034264
18.900000	-0.003103	0.000001	0	0.034264
18.950000	-0.002577	0.000001	0	0.034264
19.000000	-0.003204	0.000000	0	0.034264
19.050000	-0.002424	0.000000	0	0.034264
19.100000	-0.003166	0.000000	0	0.034264
19.150000	-0.001356	0.000000	0	0.034264
19.200000	-0.000958	0.000001	0	0.034264
19.250000	-0.005876	0.000002	0	0.034264
19.300000	-0.014242	0.000011	0	0.034264
19.350000	-0.019924	0.000032	0	0.034264
19.400000	-0.038584	0.000119	0	0.034264
19.450000	-0.035149	0.000181	0	0.034264
19.500000	-0.032622	0.000217	0	0.034264
19.550000	-0.013796	0.000212	0	0.034264
19.600000	0.010905	0.000249	0	0.034264
19.650000	0.032269	0.000403	0	0.034264
19.700000	0.023104	0.000497	0	0.034264
19.750000	-0.009348	0.000503	0	0.034264
19.800000	-0.049011	0.000625	0	0.034264
19.850000	-0.086309	0.001041	0	0.034264
19.900000	-0.100528	0.001568	0	0.034264
19.950000	-0.091759	0.001927	0	0.034264
20.000000	-0.082858	0.002139	0	0.034264
20.050000	-0.054346	0.002182	0	0.034264
20.100000	-0.066273	0.002247	0	0.034264
20.150000	-0.053460	0.002260	0	0.034264
20.200000	-0.081135	0.002297	0	0.034264
20.250000	-0.098965	0.002172	0	0.034264
20.300000	-0.133143	0.001852	0	0.034264
20.350000	-0.132244	0.001323	0	0.034264
20.400000	-0.104611	0.000856	0	0.034264
20.450000	-0.068726	0.000721	0	0.034264
20.500000	-0.036699	0.000920	0	0.034264
20.550000	-0.015523	0.001272	0	0.034264
20.600000	-0.013264	0.001601	0	0.034264
20.650000	-0.016558	0.001851	0	0.034264
20.700000	-0.027263	0.001987	0	0.034264
20.750000	-0.017615	0.002172	0	0.034264
20.800000	-0.034413	0.002241	0	0.034264
20.850000	-0.023767	0.002298	0	0.034264
20.900000	-0.032146	0.002163	0	0.034264
20.950000	-0.019870	0.001578	0	0.034264
21.000000	-0.015750	0.000816	0	0.034264
21.050000	-0.012047	0.000303	0	0.034264
21.100000	-0.012879	0.000100	0	0.034264
21.150000	-0.009469	0.000070	0	0.034264
21.200000	-0.013044	0.000070	0	0.034264
21.250000	-0.018884	0.000067	0	0.034264
21.300000	-0.022278	0.000066	0	0.034264
21.350000	-0.023915	0.000063	0	0.034264
21.400000	-0.024892	0.000064	0	0.034264
21.450000	-0.020964	0.000046	0	0.034264
21.500000	-0.024009	0.000045	0	0.034264
21.550000	-0.020181	0.000030	0	0.034264
21.600000	-0.016986	0.000029	0	0.034264
21.650000	-0.012906	0.000030	0	0.034264
21.700000	-0.011401	0.000031	0	0.034264
21.750000	-0.003066	0.000047	0	0.034264
21.800000	-0.000408	0.000066	0	0.034264
21.850000	0.006479	0.000108	0	0.034264
21.900000	0.010408	0.000158	0	0.034264
21.950000	0.015247	0.000210	0	0.034264
22.000000	0.017453	0.000248	0	0.034264
22.050000	0.013858	0.000248	0	0.034264
22.100000	0.011830	0.000236	0	0.034264
22.150000	0.013843	0.000200	0	0.034264
22.200000	0.013920	0.000162	0	0.034264
22.250000	0.014858	0.000122	0	0.034264
22.300000	0.017356	0.000090	0	0.034264
22.350000	0.017017	0.000051	0	0.034264
22.400000	0.007826	0.000031	0	0.034264
22.450000	0.008542	0.000016	0	0.034264
22.500000	0.003071	0.000020	0	0.034264
22.550000	0.001486	0.000029	0	0.034264
22.600000	-0.003337	0.000047	0	0.034264
22.650000	-0.001522	0.000054	0	0.034264
22.700000	0.000767	0.000058	0	0.034264
22.750000	-0.001189	0.000063	0	0.034264
22.800000	-0.003243	0.000067	0	0.034264
22.850000	-0.005231	0.000069	0	0.034264
22.900000	-0.011006	0.000076	0	0.034264
22.950000	-0.017115	0.000081	0	0.034264
23.000000	-0.015773	0.000070	0	0.034264
23.050000	-0.016774	0.000072	0	0.034264
23.100000	-0.009857	0.000057	0	0.034264
23.150000	-0.014518	0.000053	0	0.034264
23.200000	-0.005384	0.000046	0	0.034264
23.250000	0.000464	0.000050	0	0.034264
23.300000	-0.001045	0.000050	0	0.034264
23.350000	0.006061	0.000060	0	0.034264
23.400000	0.020317	0.000118	0	0.034264
23.450000	0.048444	0.000349	0	0.034264
23.500000	0.073547	0.000799	0	0.034264
23.550000	0.103189	0.001546	0	0.034264
23.600000	0.126899	0.002476	0	0.034264
23.650000	0.143769	0.003446	0	0.034264
23.700000	0.144319	0.004092	0	0.034264
23.750000	0.132073	0.004305	0	0.034264
23.800000	0.114987	0.004007	0	0.034264
23.850000	0.099902	0.003515	0	0.034264
23.900000	0.083801	0.002933	0	0.034264
23.950000	0.097866	0.002229	0	0.034264
24.000000	0.080155	0.001533	0	0.034264
24.050000	0.073055	0.001009	0	0.034264
24.100000	0.036739	0.001080	0	0.034264
24.150000	0.007245	0.001725	0	0.034264
24.200000	-0.005751	0.002555	0	0.034264
24.250000	-0.031505	0.003510	0	0.034264
24.300000	-0.050136	0.004263	0	0.034264
24.350000	-0.048896	0.004489	0	0.034264
24.400000	-0.040341	0.004302	0	0.034264
24.450000	-0.014825	0.003790	0	0.034264
24.500000	-0.003661	0.003229	0	0.034264
24.550000	0.011652	0.002745	0	0.034264
24.600000	-0.001648	0.001986	0	0.034264
24.650000	0.009634	0.001374	0	0.034264
24.700000	0.006747	0.000804	0	0.034264
24.750000	0.016238	0.000630	0	0.034264
24.800000	0.019880	0.000667	0	0.034264
24.850000	0.005771	0.000689	0	0.034264
24.900000	0.011145	0.000673	0	0.034264
24.950000	0.012165	0.000512	0	0.034264
25.000000	0.016365	0.000308	0	0.034264
25.050000	0.011747	0.000117	0	0.034264
25.100000	0.008536	0.000055	0	0.034264
25.150000	0.003883	0.000037	0	0.034264
25.200000	0.002790	0.000040	0	0.034264
25.250000	0.002534	0.000033	0	0.034264
25.300000	0.002806	0.000037	0	0.034264
25.350000	-0.000042	0.000043	0	0.034264
25.400000	0.000129	0.000044	0	0.034264
25.450000	0.000282	0.000033	0	0.034264
25.500000	0.000003	0.000035	0	0.034264
25.550000	-0.000084	0.000034	0	0.034264
25.600000	0.000008	0.000030	0	0.034264
25.650000	-0.000618	0.000017	0	0.034264
25.700000	-0.000784	0.000008	0	0.034264
25.750000	-0.001950	0.000004	0	0.034264
25.800000	-0.001246	0.000003	0	0.034264
25.850000	-0.001683	0.000002	0	0.034264
25.900000	-0.002221	0.000002	0	0.034264
25.950000	-0.002766	0.000001	0	0.034264
26.000000	-0.002667	0.000001	0	0.034264
26.050000	-0.002321	0.000001	0	0.034264
26.100000	-0.002053	0.000001	0	0.034264
26.150000	-0.001257	0.000001	0	0.034264
26.200000	-0.001530	0.000001	0	0.034264
26.250000	-0.000902	0.000001	0	0.034264
26.300000	-0.000723	0.000001	0	0.034264
26.350000	-0.000995	0.000000	0	0.034264
26.400000	0.000435	0.000001	0	0.034264
26.450000	0.000277	0.000001	0	0.034264
26.500000	0.000467	0.000001	0	0.034264
26.550000	0.000380	0.000002	0	0.034264
26.600000	0.000125	0.000001	0	0.034264
26.650000	-0.000154	0.000001	0	0.034264
26.700000	-0.000692	0.000001	0	0.034264
26.750000	-0.001048	0.000001	0	0.034264
26.800000	-0.002032	0.000001	0	0.034264
26.850000	-0.001310	0.000001	0	0.034264
26.900000	-0.002031	0.000001	0	0.034264
26.950000	-0.001849	0.000001	0	0.034264
27.000000	-0.002107	0.000001	0	0.034264
27.050000	-0.003077	0.000001	0	0.034264
27.100000	-0.003617	0.000002	0	0.034264
27.150000	-0.003979	0.000002	0	0.034264
27.200000	-0.003706	0.000002	0	0.034264
27.250000	-0.003171	0.000002	0	0.034264
27.300000	-0.003613	0.000001	0	0.034264
27.350000	-0.003679	0.000001	0	0.034264
27.400000	-0.003577	0.000001	0	0.034264
27.450000	-0.002933	0.000001	0	0.034264
27.500000	-0.003543	0.000001	0	0.034264
27.550000	-0.004062	0.000000	0	0.034264
27.600000	-0.003430	0.000000	0	0.034264
27.650000	-0.003159	0.000000	0	0.034264
27.700000	-0.002612	0.000000	0	0.034264
27.750000	-0.002515	0.000000	0	0.034264
27.800000	-0.002588	0.000000	0	0.034264
27.850000	-0.002316	0.000000	0	0.034264
27.900000	-0.002586	0.000000	0	0.034264
27.950000	-0.002205	0.000000	0	0.034264
28.000000	-0.002474	0.000000	0	0.034264
28.050000	-0.002028	0.000000	0	0.034264
28.100000	-0.003092	0.000000	0	0.034264
28.150000	-0.003278	0.000000	0	0.034264
28.200000	-0.002557	0.000000	0	0.034264
28.250000	-0.002824	0.000000	0	0.034264
28.300000	-0.002358	0.000000	0	0.034264
28.350000	-0.002630	0.000000	0	0.034264
28.400000	-0.003168	0.000000	0	0.034264
28.450000	-0.003249	0.000000	0	0.034264
28.500000	-0.003863	0.000000	0	0.034264
28.550000	-0.003760	0.000000	0	0.034264
28.600000	-0.003766	0.000000	0	0.034264
28.650000	-0.002680	0.000000	0	0.034264
28.700000	-0.003105	0.000000	0	0.034264
28.750000	-0.001584	0.000000	0	0.034264
28.800000	-0.001045	0.000001	0	0.034264
28.850000	-0.001218	0.000001	0	0.034264
28.900000	-0.001392	0.000001	0	0.034264
28.950000	-0.001939	0.000001	0	0.034264
29.000000	-0.002458	0.000001	0	0.034264
29.050000	-0.001279	0.000001	0	0.034264
29.100000	-0.000566	0.000001	0	0.034264
29.150000	-0.000376	0.000001	0	0.034264
29.200000	-0.000728	0.000001	0	0.034264
29.250000	-0.000532	0.000001	0	0.034264
29.300000	-0.000618	0.000001	0	0.034264
29.350000	-0.000174	0.000000	0	0.034264
29.400000	-0.001322	0.000000	0	0.034264
29.450000	-0.001394	0.000000	0	0.034264
29.500000	-0.002367	0.000001	0	0.034264
29.550000	-0.002520	0.000001	0	0.034264
29.600000	-0.001697	0.000001	0	0.034264
29.650000	-0.001237	0.000001	0	0.034264
29.700000	-0.001761	0.000001	0	0.034264
29.750000	-0.002628	0.000001	0	0.034264
29.800000	-0.002260	0.000001	0	0.034264
29.850000	-0.002071	0.000001	0	0.034264
29.900000	-0.002421	0.000001	0	0.034264
29.950000	-0.002503	0.000001	0	0.034264
30.000000	-0.002668	0.000000	0	0.034264
30.050000	-0.002573	0.000000	0	0.034264
30.100000	-0.003094	0.000000	0	0.034264
30.150000	-0.002102	0.000000	0	0.034264
30.200000	-0.001468	0.000000	0	0.034264
30.250000	-0.002618	0.000000	0	0.034264
30.300000	-0.002611	0.000000	0	0.034264
30.350000	-0.003320	0.000000	0	0.034264
30.400000	-0.002979	0.000000	0	0.034264
30.450000	-0.003416	0.000000	0	0.034264
30.500000	-0.003134	0.000000	0	0.034264
30.550000	-0.002843	0.000000	0	0.034264
30.600000	-0.003273	0.000000	0	0.034264
30.650000	-0.002902	0.000000	0	0.034264
30.700000	-0.002532	0.000000	0	0.034264
30.750000	-0.002172	0.000000	0	0.034264
30.800000	-0.002072	0.000000	0	0.034264
30.850000	-0.003315	0.000000	0	0.034264
30.900000	-0.002615	0.000000	0	0.034264
30.950000	-0.002435	0.000000	0	0.034264
31.000000	-0.001627	0.000000	0	0.034264
31.050000	-0.000726	0.000001	0	0.034264
31.100000	-0.000289	0.000001	0	0.034264
31.150000	0.000707	0.000002	0	0.034264
31.200000	0.004075	0.000004	0	0.034264
31.250000	0.004338	0.000007	0	0.034264
31.300000	0.004241	0.000008	0	0.034264
31.350000	0.006628	0.000012	0	0.034264
31.400000	0.024721	0.000056	0	0.034264
31.450000	0.058662	0.000298	0	0.034264
31.500000	0.082818	0.000739	0	0.034264
31.550000	0.130229	0.001772	0	0.034264
31.600000	0.189595	0.003850	0	0.034264
31.650000	0.252628	0.007286	0	0.034264
31.700000	0.309153	0.011912	1	0.919921
31.750000	0.362841	0.017453	1	1.959385
31.800000	0.445613	0.025033	1	3.235971
31.850000	0.516046	0.033865	1	4.714333
31.900000	0.605806	0.044453	1	6.449838
31.950000	0.702061	0.056546	1	8.461094
32.000000	0.789252	0.068542	1	10.722134
32.050000	0.836410	0.077055	1	13.118272
32.100000	0.877376	0.081898	1	15.631767
32.150000	0.968253	0.085587	1	18.405607
32.200000	1.067592	0.089883	1	21.464033
32.250000	1.112712	0.091197	1	24.651720
32.300000	1.139623	0.088582	1	27.916500
32.350000	1.190026	0.083525	1	31.325673
32.400000	1.216315	0.074614	1	34.810158
32.450000	1.207955	0.063120	1	38.270694
32.500000	1.200723	0.049761	1	41.710511
32.550000	1.180766	0.036936	1	45.093156
32.600000	1.167040	0.026494	1	48.436480
32.650000	1.144669	0.018509	1	51.715716
32.700000	1.130643	0.011542	1	54.954769
32.750000	1.081480	0.005798	0	54.954769
32.800000	1.009998	0.004265	0	54.954769
32.850000	0.942882	0.006886	0	54.954769
32.900000	0.901169	0.011250	1	57.536429
32.950000	0.854436	0.016767	1	59.984209
33.000000	0.778414	0.023704	1	62.214201
33.050000	0.738504	0.029619	1	64.329858
33.100000	0.674422	0.035834	1	66.261936
33.150000	0.617836	0.041531	1	68.031905
33.200000	0.568259	0.046304	1	69.659847
33.250000	0.516433	0.049553	1	71.139320
33.300000	0.469536	0.050942	1	72.484441
33.350000	0.417719	0.049808	1	73.681118
33.400000	0.391637	0.046626	1	74.803074
33.450000	0.348638	0.043982	1	75.801849
33.500000	0.267334	0.043897	1	76.567706
33.550000	0.201946	0.044110	1	77.146238
33.600000	0.163012	0.043117	1	77.613233
33.650000	0.132046	0.042309	1	77.991516
33.700000	0.092197	0.040457	1	78.255642
33.750000	0.081172	0.037664	1	78.488182
33.800000	0.071731	0.034018	1	78.693676
33.850000	0.051712	0.029963	1	78.841820
33.900000	0.021027	0.026220	1	78.902058
33.950000	0.000999	0.022406	1	78.904919
34.000000	0.002227	0.018380	1	78.911298
34.050000	0.002318	0.013404	1	78.917938
34.100000	0.002499	0.008467	0	78.917938
34.150000	0.003927	0.005338	0	78.917938
34.200000	0.006744	0.003507	0	78.917938
34.250000	0.001960	0.002279	0	78.917938
34.300000	0.000984	0.001404	0	78.917938
34.350000	0.000348	0.000968	0	78.917938
34.400000	-0.000098	0.000599	0	78.917938
34.450000	-0.000102	0.000259	0	78.917938
34.500000	-0.000824	0.000054	0	78.917938
34.550000	-0.001263	0.000009	0	78.917938
34.600000	-0.001703	0.000006	0	78.917938
34.650000	-0.002750	0.000007	0	78.917938
34.700000	-0.003472	0.000008	0	78.917938
34.750000	-0.003474	0.000009	0	78.917938
34.800000	-0.003634	0.000009	0	78.917938
34.850000	-0.003640	0.000004	0	78.917938
34.900000	-0.002752	0.000003	0	78.917938
34.950000	-0.002134	0.000002	0	78.917938
35.000000	-0.001679	0.000002	0	78.917938
35.050000	-0.001690	0.000001	0	78.917938
35.100000	-0.002568	0.000001	0	78.917938
35.150000	-0.001672	0.000001	0	78.917938
35.200000	-0.002294	0.000001	0	78.917938
35.250000	-0.002475	0.000001	0	78.917938
35.300000	-0.002485	0.000001	0	78.917938
35.350000	-0.001573	0.000001	0	78.917938
35.400000	-0.002009	0.000001	0	78.917938
35.450000	-0.001565	0.000000	0	78.917938
35.500000	-0.002610	0.000000	0	78.917938
35.550000	-0.003501	0.000000	0	78.917938
35.600000	-0.004197	0.000001	0	78.917938
35.650000	-0.004187	0.000001	0	78.917938
35.700000	-0.004356	0.000001	0	78.917938
35.750000	-0.003994	0.000001	0	78.917938
35.800000	-0.005058	0.000001	0	78.917938
35.850000	-0.005310	0.000002	0	78.917938
35.900000	-0.005299	0.000002	0	78.917938
35.950000	-0.005105	0.000002	0	78.917938
36.000000	-0.005287	0.000002	0	78.917938
36.050000	-0.004744	0.000001	0	78.917938
36.100000	-0.005461	0.000001	0	78.917938
36.150000	-0.005463	0.000000	0	78.917938
36.200000	-0.005191	0.000000	0	78.917938
36.250000	-0.004566	0.000000	0	78.917938
36.300000	-0.004657	0.000000	0	78.917938
36.350000	-0.004026	0.000000	0	78.917938
36.400000	-0.004201	0.000000	0	78.917938
36.450000	-0.002241	0.000001	0	78.917938
36.500000	-0.001364	0.000002	0	78.917938
36.550000	-0.001367	0.000002	0	78.917938
36.600000	-0.001103	0.000003	0	78.917938
36.650000	-0.000935	0.000003	0	78.917938
36.700000	-0.001390	0.000004	0	78.917938
36.750000	-0.000588	0.000004	0	78.917938
36.800000	-0.000242	0.000004	0	78.917938
36.850000	-0.000249	0.000003	0	78.917938
36.900000	-0.000423	0.000003	0	78.917938
36.950000	-0.000516	0.000002	0	78.917938
37.000000	-0.000609	0.000001	0	78.917938
37.050000	-0.000528	0.000000	0	78.917938
37.100000	-0.001871	0.000000	0	78.917938
37.150000	-0.001519	0.000000	0	78.917938
37.200000	-0.001346	0.000000	0	78.917938
37.250000	-0.002613	0.000001	0	78.917938
37.300000	-0.003295	0.000001	0	78.917938
37.350000	-0.003378	0.000001	0	78.917938
37.400000	-0.010846	0.000008	0	78.917938
37.450000	-0.028836	0.000063	0	78.917938
37.500000	-0.071267	0.000407	0	78.917938
37.550000	-0.135256	0.001624	0	78.917938
37.600000	-0.194620	0.003989	0	78.917938
37.650000	-0.243882	0.007341	0	78.917938
37.700000	-0.343812	0.013638	1	77.932990
37.750000	-0.464615	0.024594	1	76.601965
37.800000	-0.601238	0.041751	1	74.879546
37.850000	-0.734476	0.064905	1	72.775429
37.900000	-0.877307	0.094241	1	70.262129
37.950000	-1.011502	0.127440	1	67.364390
38.000000	-1.150993	0.162701	1	64.067037
38.050000	-1.300850	0.198921	1	60.340377
38.100000	-1.422175	0.230096	1	56.266146
38.150000	-1.500861	0.250143	1	51.966498
38.200000	-1.540643	0.255581	1	47.552881
38.250000	-1.595610	0.247934	1	42.981796
38.300000	-1.632243	0.224383	1	38.305765
38.350000	-1.612429	0.188345	1	33.686496
38.400000	-1.568705	0.145985	1	29.192489
38.450000	-1.501470	0.104005	1	24.891094
38.500000	-1.432926	0.067282	1	20.786064
38.550000	-1.349719	0.040551	1	16.919403
38.600000	-1.256578	0.025755	1	13.319572
38.650000	-1.162671	0.023948	1	9.988764
38.700000	-1.038907	0.035677	1	7.012515
38.750000	-0.918369	0.056998	1	4.381583
38.800000	-0.798490	0.084115	1	2.094078
38.850000	-0.694289	0.113052	1	0.105086
38.900000	-0.579580	0.140416	1	-1.555287
38.950000	-0.493719	0.159605	1	-2.969689
39.000000	-0.414494	0.170939	1	-4.157128
39.050000	-0.336763	0.175175	1	-5.121884
39.100000	-0.268080	0.173302	1	-5.889877
39.150000	-0.203204	0.165182	1	-6.472013
39.200000	-0.142137	0.152337	1	-6.879205
39.250000	-0.101016	0.135046	1	-7.168594
39.300000	-0.055069	0.114898	1	-7.326355
39.350000	-0.022040	0.095483	1	-7.389494
39.400000	-0.002546	0.077232	1	-7.396787
39.450000	-0.001110	0.060534	1	-7.399967
39.500000	-0.001737	0.045324	1	-7.404944
39.550000	-0.001580	0.033348	1	-7.409470
39.600000	-0.001194	0.023385	1	-7.412890
39.650000	-0.000307	0.015374	1	-7.413770
39.700000	-0.000682	0.009430	0	-7.413770
39.750000	-0.000945	0.005230	0	-7.413770
39.800000	-0.001036	0.002560	0	-7.413770
39.850000	-0.001209	0.001126	0	-7.413770
39.900000	-0.000679	0.000337	0	-7.413770
39.950000	-0.000516	0.000062	0	-7.413770
40.000000	0.000376	0.000006	0	-7.413770
40.050000	0.000107	0.000001	0	-7.413770
40.100000	-0.000081	0.000000	0	-7.413770
40.150000	0.000200	0.000000	0	-7.413770
40.200000	0.000373	0.000000	0	-7.413770
40.250000	0.000202	0.000000	0	-7.413770
40.300000	-0.000157	0.000000	0	-7.413770
40.350000	-0.000962	0.000000	0	-7.413770
40.400000	-0.000784	0.000000	0	-7.413770
40.450000	-0.000338	0.000000	0	-7.413770
40.500000	-0.000428	0.000000	0	-7.413770
40.550000	0.000197	0.000000	0	-7.413770
40.600000	0.000192	0.000000	0	-7.413770
40.650000	-0.000522	0.000000	0	-7.413770
40.700000	-0.000607	0.000000	0	-7.413770
40.750000	-0.000342	0.000000	0	-7.413770
40.800000	-0.000172	0.000000	0	-7.413770
40.850000	-0.001235	0.000000	0	-7.413770
40.900000	-0.001331	0.000000	0	-7.413770
40.950000	-0.000977	0.000000	0	-7.413770
41.000000	-0.000802	0.000000	0	-7.413770
41.050000	-0.000264	0.000000	0	-7.413770
41.100000	-0.000977	0.000000	0	-7.413770
41.150000	-0.000714	0.000000	0	-7.413770
41.200000	-0.000618	0.000000	0	-7.413770
41.250000	-0.001503	0.000000	0	-7.413770
41.300000	-0.001584	0.000000	0	-7.413770
41.350000	-0.001588	0.000000	0	-7.413770
41.400000	-0.002566	0.000000	0	-7.413770
41.450000	-0.002656	0.000001	0	-7.413770
41.500000	-0.002026	0.000001	0	-7.413770
41.550000	-0.002284	0.000001	0	-7.413770
41.600000	-0.001912	0.000001	0	-7.413770
41.650000	-0.001448	0.000001	0	-7.413770
41.700000	-0.001534	0.000000	0	-7.413770
41.750000	-0.001067	0.000000	0	-7.413770
41.800000	-0.001586	0.000000	0	-7.413770
41.850000	-0.002381	0.000000	0	-7.413770
41.900000	-0.001736	0.000000	0	-7.413770
41.950000	-0.000828	0.000000	0	-7.413770
42.000000	-0.000709	0.000000	0	-7.413770
42.050000	0.000209	0.000001	0	-7.413770
42.100000	0.000232	0.000001	0	-7.413770
42.150000	0.000068	0.000001	0	-7.413770
42.200000	-0.000005	0.000001	0	-7.413770
42.250000	-0.000076	0.000001	0	-7.413770
42.300000	0.000383	0.000001	0	-7.413770
42.350000	0.000145	0.000001	0	-7.413770
42.400000	0.000344	0.000001	0	-7.413770
42.450000	0.000907	0.000001	0	-7.413770
42.500000	0.000927	0.000001	0	-7.413770
42.550000	0.001042	0.000000	0	-7.413770
42.600000	0.000803	0.000000	0	-7.413770
42.650000	0.000717	0.000000	0	-7.413770
42.700000	0.000112	0.000000	0	-7.413770
42.750000	-0.000124	0.000000	0	-7.413770
42.800000	-0.000558	0.000000	0	-7.413770
42.850000	-0.000731	0.000000	0	-7.413770
42.900000	0.000521	0.000000	0	-7.413770
42.950000	0.001037	0.000000	0	-7.413770
43.000000	0.003324	0.000001	0	-7.413770
43.050000	0.001959	0.000001	0	-7.413770
43.100000	-0.002831	0.000002	0	-7.413770
43.150000	-0.003296	0.000003	0	-7.413770
43.200000	0.007970	0.000008	0	-7.413770
43.250000	0.019286	0.000035	0	-7.413770
43.300000	0.032033	0.000106	0	-7.413770
43.350000	0.049580	0.000263	0	-7.413770
43.400000	0.070948	0.000565	0	-7.413770
43.450000	0.071949	0.000821	0	-7.413770
43.500000	0.052135	0.000881	0	-7.413770
43.550000	0.017817	0.000842	0	-7.413770
43.600000	-0.014405	0.000919	0	-7.413770
43.650000	-0.044219	0.001259	0	-7.413770
43.700000	-0.064545	0.001827	0	-7.413770
43.750000	-0.079316	0.002549	0	-7.413770
43.800000	-0.088697	0.003344	0	-7.413770
43.850000	-0.098561	0.004184	0	-7.413770
43.900000	-0.103820	0.004904	0	-7.413770
43.950000	-0.109257	0.005384	0	-7.413770
44.000000	-0.126039	0.005579	0	-7.413770
44.050000	-0.145143	0.005203	0	-7.413770
44.100000	-0.154005	0.004268	0	-7.413770
44.150000	-0.142995	0.003027	0	-7.413770
44.200000	-0.121322	0.001943	0	-7.413770
44.250000	-0.094543	0.001211	0	-7.413770
44.300000	-0.075124	0.000907	0	-7.413770
44.350000	-0.061245	0.000907	0	-7.413770
44.400000	-0.031630	0.001307	0	-7.413770
44.450000	-0.013106	0.001973	0	-7.413770
44.500000	-0.011236	0.002610	0	-7.413770
44.550000	-0.022443	0.003006	0	-7.413770
44.600000	-0.028005	0.003221	0	-7.413770
44.650000	-0.030668	0.003191	0	-7.413770
44.700000	-0.031558	0.002790	0	-7.413770
44.750000	-0.022604	0.002089	0	-7.413770
44.800000	-0.010678	0.001389	0	-7.413770
44.850000	-0.003417	0.000853	0	-7.413770
44.900000	-0.002024	0.000527	0	-7.413770
44.950000	0.006195	0.000349	0	-7.413770
45.000000	0.016959	0.000269	0	-7.413770
45.050000	0.007544	0.000266	0	-7.413770
45.100000	-0.002788	0.000271	0	-7.413770
45.150000	-0.009074	0.000271	0	-7.413770
45.200000	-0.006736	0.000258	0	-7.413770
45.250000	-0.005533	0.000225	0	-7.413770
45.300000	-0.003597	0.000173	0	-7.413770
45.350000	-0.003718	0.000106	0	-7.413770
45.400000	-0.004258	0.000066	0	-7.413770
45.450000	-0.007893	0.000059	0	-7.413770
45.500000	-0.005608	0.000060	0	-7.413770
45.550000	-0.003467	0.000060	0	-7.413770
45.600000	-0.003348	0.000055	0	-7.413770
45.650000	-0.005989	0.000021	0	-7.413770
45.700000	-0.005733	0.000005	0	-7.413770
45.750000	-0.004529	0.000004	0	-7.413770
45.800000	-0.004105	0.000002	0	-7.413770
45.850000	-0.003429	0.000002	0	-7.413770
45.900000	-0.007511	0.000003	0	-7.413770
45.950000	-0.006972	0.000003	0	-7.413770
46.000000	-0.007196	0.000003	0	-7.413770
46.050000	-0.007369	0.000003	0	-7.413770
46.100000	-0.006567	0.000003	0	-7.413770
46.150000	-0.004074	0.000003	0	-7.413770
46.200000	-0.001827	0.000004	0	-7.413770
46.250000	0.000158	0.000006	0	-7.413770
46.300000	-0.000522	0.000007	0	-7.413770
46.350000	-0.002232	0.000008	0	-7.413770
46.400000	0.001197	0.000010	0	-7.413770
46.450000	0.003702	0.000015	0	-7.413770
46.500000	0.007062	0.000023	0	-7.413770
46.550000	0.005727	0.000026	0	-7.413770
46.600000	0.005405	0.000027	0	-7.413770
46.650000	0.004311	0.000024	0	-7.413770
46.700000	0.006014	0.000021	0	-7.413770
46.750000	0.005430	0.000016	0	-7.413770
46.800000	0.005814	0.000012	0	-7.413770
46.850000	0.002967	0.000010	0	-7.413770
46.900000	0.001664	0.000009	0	-7.413770
46.950000	0.002772	0.000007	0	-7.413770
47.000000	0.004331	0.000004	0	-7.413770
47.050000	-0.000629	0.000005	0	-7.413770
47.100000	-0.001744	0.000008	0	-7.413770
47.150000	-0.005146	0.000013	0	-7.413770
47.200000	-0.002123	0.000014	0	-7.413770
47.250000	-0.003075	0.000015	0	-7.413770
47.300000	-0.002120	0.000015	0	-7.413770
47.350000	-0.005313	0.000016	0	-7.413770
47.400000	-0.004256	0.000015	0	-7.413770
47.450000	-0.005587	0.000013	0	-7.413770
47.500000	-0.004939	0.000012	0	-7.413770
47.550000	-0.005352	0.000011	0	-7.413770
47.600000	-0.006903	0.000010	0	-7.413770
47.650000	-0.008032	0.000006	0	-7.413770
47.700000	-0.005731	0.000004	0	-7.413770
47.750000	-0.001409	0.000004	0	-7.413770
47.800000	-0.000612	0.000005	0	-7.413770
47.850000	-0.000941	0.000006	0	-7.413770
47.900000	-0.001614	0.000006	0	-7.413770
47.950000	-0.001943	0.000007	0	-7.413770
48.000000	0.000737	0.000008	0	-7.413770
48.050000	0.003490	0.000012	0	-7.413770
48.100000	0.004945	0.000016	0	-7.413770
48.150000	0.001519	0.000017	0	-7.413770
48.200000	-0.003932	0.000016	0	-7.413770
48.250000	-0.007002	0.000016	0	-7.413770
48.300000	-0.008444	0.000017	0	-7.413770
48.350000	-0.008182	0.000019	0	-7.413770
48.400000	-0.008135	0.000022	0	-7.413770
48.450000	-0.001206	0.000022	0	-7.413770
48.500000	0.004710	0.000026	0	-7.413770
48.550000	0.006666	0.000032	0	-7.413770
48.600000	0.005998	0.000037	0	-7.413770
48.650000	0.002326	0.000037	0	-7.413770
48.700000	-0.000926	0.000036	0	-7.413770
48.750000	0.003927	0.000035	0	-7.413770
48.800000	0.016563	0.000059	0	-7.413770
48.850000	0.029698	0.000125	0	-7.413770
48.900000	0.035040	0.000198	0	-7.413770
48.950000	0.031586	0.000230	0	-7.413770
49.000000	0.026804	0.000227	0	-7.413770
49.050000	0.028067	0.000207	0	-7.413770
49.100000	0.030490	0.000199	0	-7.413770
49.150000	0.041386	0.000227	0	-7.413770
49.200000	0.057137	0.000315	0	-7.413770
49.250000	0.060817	0.000392	0	-7.413770
49.300000	0.063045	0.000423	0	-7.413770
49.350000	0.064670	0.000390	0	-7.413770
49.400000	0.065299	0.000332	0	-7.413770
49.450000	0.062693	0.000293	0	-7.413770
49.500000	0.069474	0.000304	0	-7.413770
49.550000	0.078903	0.000351	0	-7.413770
49.600000	0.083569	0.000383	0	-7.413770
49.650000	0.064663	0.000309	0	-7.413770
49.700000	0.058080	0.000217	0	-7.413770
49.750000	0.048047	0.000142	0	-7.413770
49.800000	0.036102	0.000156	0	-7.413770
49.850000	0.020801	0.000292	0	-7.413770
49.900000	0.017725	0.000438	0	-7.413770
49.950000	0.018196	0.000555	0	-7.413770
50.000000	0.016199	0.000651	0	-7.413770
50.050000	0.009645	0.000748	0	-7.413770
50.100000	0.003123	0.000852	0	-7.413770
50.150000	-0.011069	0.000969	0	-7.413770
50.200000	-0.022265	0.001012	0	-7.413770
50.250000	-0.022114	0.000867	0	-7.413770
50.300000	0.000979	0.000674	0	-7.413770
50.350000	0.002736	0.000481	0	-7.413770
50.400000	0.004671	0.000328	0	-7.413770
50.450000	0.000361	0.000233	0	-7.413770
50.500000	-0.000440	0.000196	0	-7.413770
50.550000	-0.000350	0.000169	0	-7.413770
50.600000	-0.000263	0.000137	0	-7.413770
50.650000	0.000375	0.000107	0	-7.413770
50.700000	0.000280	0.000092	0	-7.413770
50.750000	0.001170	0.000089	0	-7.413770
50.800000	0.001089	0.000085	0	-7.413770
50.850000	0.000835	0.000050	0	-7.413770
50.900000	0.001353	0.000006	0	-7.413770
50.950000	0.001173	0.000002	0	-7.413770
51.000000	0.001525	0.000002	0	-7.413770
51.050000	0.001792	0.000001	0	-7.413770
51.100000	0.000358	0.000001	0	-7.413770
51.150000	0.000707	0.000000	0	-7.413770
51.200000	0.000534	0.000000	0	-7.413770
51.250000	-0.000171	0.000000	0	-7.413770
51.300000	-0.000539	0.000000	0	-7.413770
51.350000	-0.001248	0.000001	0	-7.413770
51.400000	-0.001244	0.000001	0	-7.413770
51.450000	-0.001590	0.000001	0	-7.413770
51.500000	-0.001685	0.000002	0	-7.413770
51.550000	-0.001500	0.000002	0	-7.413770
51.600000	-0.001323	0.000002	0	-7.413770
51.650000	-0.001837	0.000001	0	-7.413770
51.700000	-0.002632	0.000001	0	-7.413770
51.750000	-0.001639	0.000001	0	-7.413770
51.800000	-0.001809	0.000001	0	-7.413770
51.850000	-0.001814	0.000000	0	-7.413770
51.900000	-0.001457	0.000000	0	-7.413770
51.950000	-0.000998	0.000000	0	-7.413770
52.000000	0.000072	0.000000	0	-7.413770
52.050000	-0.000016	0.000001	0	-7.413770
52.100000	0.000153	0.000001	0	-7.413770
52.150000	0.000254	0.000001	0	-7.413770
52.200000	-0.000376	0.000001	0	-7.413770
52.250000	0.000519	0.000001	0	-7.413770
52.300000	0.001497	0.000001	0	-7.413770
52.350000	0.002041	0.000002	0	-7.413770
52.400000	0.001337	0.000002	0	-7.413770
52.450000	0.001878	0.000002	0	-7.413770
52.500000	0.001805	0.000001	0	-7.413770
52.550000	0.001990	0.000001	0	-7.413770
52.600000	0.001370	0.000001	0	-7.413770
52.650000	0.001127	0.000001	0	-7.413770
52.700000	0.001315	0.000001	0	-7.413770
52.750000	0.000697	0.000001	0	-7.413770
52.800000	0.000792	0.000001	0	-7.413770
52.850000	0.000809	0.000000	0	-7.413770
52.900000	-0.000250	0.000000	0	-7.413770
52.950000	-0.000871	0.000001	0	-7.413770
53.000000	-0.001314	0.000001	0	-7.413770
53.050000	-0.012469	0.000015	0	-7.413770
53.100000	-0.025744	0.000065	0	-7.413770
53.150000	-0.026824	0.000112	0	-7.413770
53.200000	-0.025786	0.000145	0	-7.413770
53.250000	-0.024352	0.000164	0	-7.413770
53.300000	-0.024341	0.000174	0	-7.413770
53.350000	-0.024151	0.000174	0	-7.413770
53.400000	-0.027252	0.000172	0	-7.413770
53.450000	-0.031869	0.000169	0	-7.413770
53.500000	-0.040181	0.000175	0	-7.413770
53.550000	-0.063879	0.000273	0	-7.413770
53.600000	-0.096571	0.000596	0	-7.413770
53.650000	-0.124748	0.001150	0	-7.413770
53.700000	-0.132880	0.001715	0	-7.413770
53.750000	-0.127233	0.002120	0	-7.413770
53.800000	-0.134556	0.002465	0	-7.413770
53.850000	-0.146538	0.002775	0	-7.413770
53.900000	-0.136797	0.002790	0	-7.413770
53.950000	-0.127234	0.002558	0	-7.413770
54.000000	-0.114290	0.002123	0	-7.413770
54.050000	-0.107074	0.001605	0	-7.413770
54.100000	-0.097530	0.001078	0	-7.413770
54.150000	-0.085015	0.000655	0	-7.413770
54.200000	-0.059068	0.000663	0	-7.413770
54.250000	-0.019857	0.001346	0	-7.413770
54.300000	0.012522	0.002485	0	-7.413770
54.350000	0.031042	0.003697	0	-7.413770
54.400000	0.038899	0.004766	0	-7.413770
54.450000	0.048358	0.005544	0	-7.413770
54.500000	0.058677	0.005843	0	-7.413770
54.550000	0.047242	0.005592	0	-7.413770
54.600000	0.038207	0.004960	0	-7.413770
54.650000	0.025324	0.004120	0	-7.413770
54.700000	0.022868	0.003143	0	-7.413770
54.750000	0.017555	0.002119	0	-7.413770
54.800000	0.013603	0.001161	0	-7.413770
54.850000	0.011974	0.000519	0	-7.413770
54.900000	0.006500	0.000315	0	-7.413770
54.950000	0.003517	0.000328	0	-7.413770
55.000000	0.006672	0.000363	0	-7.413770
55.050000	0.006188	0.000378	0	-7.413770
55.100000	0.005407	0.000344	0	-7.413770
55.150000	0.006402	0.000217	0	-7.413770
55.200000	0.006962	0.000123	0	-7.413770
55.250000	0.006044	0.000061	0	-7.413770
55.300000	0.005596	0.000037	0	-7.413770
55.350000	0.004381	0.000020	0	-7.413770
55.400000	0.004773	0.000010	0	-7.413770
55.450000	0.005584	0.000005	0	-7.413770
55.500000	0.005426	0.000001	0	-7.413770
55.550000	0.005370	0.000001	0	-7.413770
55.600000	0.004484	0.000001	0	-7.413770
55.650000	0.003164	0.000001	0	-7.413770
55.700000	0.002508	0.000002	0	-7.413770
55.750000	0.002304	0.000002	0	-7.413770
55.800000	0.002413	0.000002	0	-7.413770
55.850000	0.002364	0.000002	0	-7.413770
55.900000	0.002146	0.000002	0	-7.413770
55.950000	0.002604	0.000002	0	-7.413770
56.000000	0.003383	0.000002	0	-7.413770
56.050000	0.003778	0.000002	0	-7.413770
56.100000	0.003125	0.000001	0	-7.413770
56.150000	0.002700	0.000001	0	-7.413770
56.200000	0.001628	0.000001	0	-7.413770
56.250000	0.001657	0.000000	0	-7.413770
56.300000	0.001649	0.000000	0	-7.413770
56.350000	0.002137	0.000000	0	-7.413770
56.400000	0.001720	0.000001	0	-7.413770
56.450000	0.001246	0.000001	0	-7.413770
56.500000	0.002077	0.000001	0	-7.413770
56.550000	0.002421	0.000001	0	-7.413770
56.600000	0.002256	0.000001	0	-7.413770
56.650000	0.002295	0.000001	0	-7.413770
56.700000	0.001814	0.000000	0	-7.413770
56.750000	0.001216	0.000000	0	-7.413770
56.800000	0.001527	0.000000	0	-7.413770
56.850000	0.001444	0.000000	0	-7.413770
56.900000	0.001272	0.000000	0	-7.413770
56.950000	-0.000142	0.000000	0	-7.413770
57.000000	0.000025	0.000001	0	-7.413770
57.050000	-0.000428	0.000001	0	-7.413770
57.100000	-0.000603	0.000001	0	-7.413770
57.150000	-0.001785	0.000002	0	-7.413770
57.200000	-0.001828	0.000002	0	-7.413770
57.250000	-0.001484	0.000002	0	-7.413770
57.300000	-0.002040	0.000002	0	-7.413770
57.350000	-0.001376	0.000002	0	-7.413770
57.400000	-0.001561	0.000002	0	-7.413770
57.450000	-0.001686	0.000002	0	-7.413770
57.500000	-0.001827	0.000001	0	-7.413770
57.550000	-0.002717	0.000001	0	-7.413770
57.600000	-0.001443	0.000001	0	-7.413770
57.650000	-0.001660	0.000000	0	-7.413770
57.700000	-0.000353	0.000000	0	-7.413770
57.750000	-0.000986	0.000000	0	-7.413770
57.800000	-0.000349	0.000000	0	-7.413770
57.850000	-0.001837	0.000000	0	-7.413770
57.900000	-0.002375	0.000001	0	-7.413770
57.950000	-0.002327	0.000001	0	-7.413770
58.000000	-0.003013	0.000001	0	-7.413770
58.050000	-0.002912	0.000001	0	-7.413770
58.100000	-0.003709	0.000001	0	-7.413770
58.150000	-0.003630	0.000001	0	-7.413770
58.200000	-0.003925	0.000002	0	-7.413770
58.250000	-0.005210	0.000002	0	-7.413770
58.300000	-0.006579	0.000003	0	-7.413770
58.350000	-0.008908	0.000006	0	-7.413770
58.400000	-0.010588	0.000009	0	-7.413770
58.450000	-0.010396	0.000010	0	-7.413770
58.500000	-0.009322	0.000011	0	-7.413770
58.550000	-0.012251	0.000013	0	-7.413770
58.600000	-0.016752	0.000019	0	-7.413770
58.650000	-0.016379	0.000024	0	-7.413770
58.700000	-0.016232	0.000025	0	-7.413770
58.750000	-0.012881	0.000023	0	-7.413770
58.800000	-0.009887	0.000019	0	-7.413770
58.850000	-0.007611	0.000016	0	-7.413770
58.900000	-0.004809	0.000016	0	-7.413770
58.950000	-0.001074	0.000022	0	-7.413770
59.000000	0.004222	0.000039	0	-7.413770
59.050000	0.007369	0.000063	0	-7.413770
59.100000	0.007241	0.000082	0	-7.413770
59.150000	0.012941	0.000112	0	-7.413770
59.200000	0.022761	0.000167	0	-7.413770
59.250000	0.036700	0.000264	0	-7.413770
59.300000	0.045424	0.000379	0	-7.413770
59.350000	0.058304	0.000534	0	-7.413770
59.400000	0.071983	0.000746	0	-7.413770
59.450000	0.078476	0.000943	0	-7.413770
59.500000	0.086801	0.001123	0	-7.413770
59.550000	0.092551	0.001257	0	-7.413770
59.600000	0.090506	0.001282	0	-7.413770
59.650000	0.072757	0.001153	0	-7.413770
59.700000	0.072080	0.000977	0	-7.413770
59.750000	0.071734	0.000741	0	-7.413770
59.800000	0.067787	0.000499	0	-7.413770
59.850000	0.061065	0.000311	0	-7.413770
59.900000	0.051043	0.000232	0	-7.413770
59.950000	0.042479	0.000239	0	-7.413770
60.000000	0.030254	0.000358	0	-7.413770
60.050000	0.013868	0.000593	0	-7.413770
60.100000	0.004778	0.000852	0	-7.413770
60.150000	-0.004486	0.001080	0	-7.413770
60.200000	-0.012156	0.001222	0	-7.413770
60.250000	-0.012452	0.001238	0	-7.413770
60.300000	0.001638	0.001184	0	-7.413770
60.350000	0.001728	0.001065	0	-7.413770
60.400000	0.001380	0.000881	0	-7.413770
60.450000	-0.000047	0.000668	0	-7.413770
60.500000	0.000227	0.000455	0	-7.413770
60.550000	0.000490	0.000281	0	-7.413770
60.600000	-0.000035	0.000141	0	-7.413770
60.650000	-0.000486	0.000057	0	-7.413770
60.700000	-0.000570	0.000032	0	-7.413770
60.750000	-0.001281	0.000026	0	-7.413770
60.800000	-0.001286	0.000025	0	-7.413770
60.850000	-0.000840	0.000015	0	-7.413770
60.900000	-0.001203	0.000002	0	-7.413770
60.950000	-0.001215	0.000001	0	-7.413770
61.000000	-0.002278	0.000001	0	-7.413770
61.050000	-0.002190	0.000001	0	-7.413770
61.100000	-0.002458	0.000001	0	-7.413770
61.150000	-0.002807	0.000001	0	-7.413770
61.200000	-0.002976	0.000001	0	-7.413770
61.250000	-0.002266	0.000001	0	-7.413770
61.300000	-0.001819	0.000001	0	-7.413770
61.350000	-0.001816	0.000001	0	-7.413770
61.400000	-0.001110	0.000001	0	-7.413770
61.450000	-0.001097	0.000001	0	-7.413770
61.500000	-0.001719	0.000000	0	-7.413770
61.550000	-0.001097	0.000000	0	-7.413770
61.600000	-0.000997	0.000000	0	-7.413770
61.650000	-0.000722	0.000001	0	-7.413770
61.700000	-0.000279	0.000001	0	-7.413770
61.750000	0.000360	0.000001	0	-7.413770
61.800000	0.000443	0.000001	0	-7.413770
61.850000	0.000176	0.000001	0	-7.413770
61.900000	-0.000632	0.000001	0	-7.413770
61.950000	-0.000544	0.000001	0	-7.413770
62.000000	-0.000271	0.000000	0	-7.413770
62.050000	-0.001073	0.000000	0	-7.413770
62.100000	-0.001433	0.000000	0	-7.413770
62.150000	-0.001160	0.000000	0	-7.413770
62.200000	-0.001507	0.000000	0	-7.413770
62.250000	-0.001420	0.000001	0	-7.413770
62.300000	-0.000094	0.000001	0	-7.413770
62.350000	-0.000365	0.000001	0	-7.413770
62.400000	-0.000015	0.000000	0	-7.413770
62.450000	0.000255	0.000000	0	-7.413770
