Time(s)	Acc(m/s2)	V (m/s)	V_avg (m/s)	Var	gyro_var	Movement	Displacement(m)
0.000000	-0.989761	0.000000	0.000000	-0.989761	-0.000956	0	0.000000
0.050000	-0.989792	0.000000	0.000000	-0.989792	0.003565	0	0.000000
0.100000	-0.991806	0.000000	0.000000	-0.991806	0.000235	0	0.000000
0.150000	-0.987961	0.000000	0.000000	-0.987961	0.001261	0	0.000000
0.200000	-0.991730	0.000000	0.000000	-0.991730	-0.001083	0	0.000000
0.250000	-0.988876	0.000000	0.000000	-0.988876	-0.002222	0	0.000000
0.300000	-0.987946	0.000000	0.000000	-0.987946	-0.005693	0	0.000000
0.350000	-0.989945	0.000000	0.000000	-0.989945	-0.006724	0	0.000000
0.400000	-0.986008	0.000000	0.000000	-0.986008	-0.002122	0	0.000000
0.450000	-0.985992	0.000000	0.000000	-0.985992	0.000168	0	0.000000
0.500000	-0.988937	0.000000	0.000000	-0.988937	0.011960	0	0.000000
0.550000	-0.989929	0.000000	0.000000	-0.989929	-0.005646	0	0.000000
0.600000	-0.988974	0.000000	0.000000	0.000003	0.000023	0	0.000000
0.650000	-0.989217	0.000000	0.000000	0.000003	0.000025	0	0.000000
0.700000	-0.989232	0.000000	0.000000	0.000003	0.000023	0	0.000000
0.750000	-0.988936	0.000000	0.000000	0.000003	0.000023	0	0.000000
0.800000	-0.988865	0.000000	0.000000	0.000003	0.000023	0	0.000000
0.850000	-0.988427	0.000000	0.000000	0.000002	0.000023	0	0.000000
0.900000	-0.988731	0.000000	0.000000	0.000002	0.000023	0	0.000000
0.950000	-0.988737	0.000000	0.000000	0.000002	0.000021	0	0.000000
1.000000	-0.988434	0.000000	0.000000	0.000002	0.000018	0	0.000000
1.050000	-0.988653	0.000000	0.000000	0.000001	0.000017	0	0.000000
1.100000	-0.988652	0.000000	0.000000	0.000000	0.000017	0	0.000000
1.150000	-0.988422	0.000000	0.000000	0.000000	0.000010	0	0.000000
1.200000	-0.988199	0.000000	0.000000	0.000000	0.000052	0	0.000000
1.250000	-0.988199	0.000000	0.000000	0.000000	0.000136	0	0.000000
1.300000	-0.988119	0.000000	0.000000	0.000000	0.000255	0	0.000000
1.350000	-0.987964	0.000000	0.000000	0.000000	0.000302	0	0.000000
1.400000	-0.988346	0.000000	0.000000	0.000000	0.000296	0	0.000000
1.450000	-0.988574	0.000000	0.000000	0.000000	0.000289	0	0.000000
1.500000	-0.988721	0.000000	0.000000	0.000000	0.000293	0	0.000000
1.550000	-0.988275	0.000000	0.000000	0.000000	0.000335	0	0.000000
1.600000	-0.988123	0.000000	0.000000	0.000000	0.000361	0	0.000000
1.650000	-0.988647	0.000000	0.000000	0.000000	0.000383	0	0.000000
1.700000	-0.988583	0.000000	0.000000	0.000000	0.000381	0	0.000000
1.750000	-0.988585	0.000000	0.000000	0.000000	0.000405	0	0.000000
1.800000	-0.988809	0.000000	0.000000	0.000000	0.000411	0	0.000000
1.850000	-0.988728	0.000000	0.000000	0.000000	0.000435	0	0.000000
1.900000	-0.988572	0.000000	0.000000	0.000000	0.000425	0	0.000000
1.950000	-0.988199	0.000000	0.000000	0.000000	0.000361	0	0.000000
2.000000	-0.988199	0.000000	0.000000	0.000000	0.000286	0	0.000000
2.050000	-0.988119	0.000000	0.000000	0.000000	0.000274	0	0.000000
2.100000	-0.987660	0.000000	0.000000	0.000000	0.000304	0	0.000000
2.150000	-0.988338	0.000000	0.000000	0.000000	0.000434	0	0.000000
2.200000	-0.988632	0.000000	0.000000	0.000000	0.000498	0	0.000000
2.250000	-0.988861	0.000000	0.000000	0.000000	0.000628	0	0.000000
2.300000	-0.988557	0.000000	0.000000	0.000000	0.000746	0	0.000000
2.350000	-0.988551	0.000000	0.000000	0.000000	0.000961	0	0.000000
2.400000	-0.988854	0.000000	0.000000	0.000000	0.000983	0	0.000000
2.450000	-0.988635	0.000000	0.000000	0.000000	0.000898	0	0.000000
2.500000	-0.988636	0.000000	0.000000	0.000000	0.000841	0	0.000000
2.550000	-0.988866	0.000000	0.000000	0.000000	0.000743	0	0.000000
2.600000	-0.989089	0.000000	0.000000	0.000000	0.000673	0	0.000000
2.650000	-0.988707	0.000000	0.000000	0.000000	0.000541	0	0.000000
2.700000	-0.988251	0.000000	0.000000	0.000000	0.000452	0	0.000000
2.750000	-0.988856	0.000000	0.000000	0.000000	0.000530	0	0.000000
2.800000	-0.988328	0.000000	0.000000	0.000000	0.000921	0	0.000000
2.850000	-0.988111	0.000000	0.000000	0.000000	0.001280	0	0.000000
2.900000	-0.988029	0.000000	0.000000	0.000000	0.001723	0	0.000000
2.950000	-0.987508	0.000000	0.000000	0.000000	0.002115	0	0.000000
3.000000	-0.988183	0.000000	0.000000	0.000000	0.002217	0	0.000000
3.050000	-0.987799	0.000000	0.000000	0.000000	0.001943	0	0.000000
3.100000	-0.987958	0.000000	0.000000	0.000000	0.001742	0	0.000000
3.150000	-0.988035	0.000000	0.000000	0.000000	0.001422	0	0.000000
3.200000	-0.987961	0.000000	0.000000	0.000000	0.001117	0	0.000000
3.250000	-0.988191	0.000000	0.000000	0.000000	0.000780	0	0.000000
3.300000	-0.988727	0.000000	0.000000	0.000000	0.000424	0	0.000000
3.350000	-0.988882	0.000000	0.000000	0.000000	0.000235	0	0.000000
3.400000	-0.988508	0.000000	0.000000	0.000000	0.000170	0	0.000000
3.450000	-0.988211	0.000000	0.000000	0.000000	0.000178	0	0.000000
3.500000	-0.988579	0.000000	0.000000	0.000000	0.000191	0	0.000000
3.550000	-0.988585	0.000000	0.000000	0.000000	0.000183	0	0.000000
3.600000	-0.988886	0.000000	0.000000	0.000000	0.000158	0	0.000000
3.650000	-0.988281	0.000000	0.000000	0.000000	0.000103	0	0.000000
3.700000	-0.988360	0.000000	0.000000	0.000000	0.000061	0	0.000000
3.750000	-0.988196	0.000000	0.000000	0.000000	0.000031	0	0.000000
3.800000	-0.988199	0.000000	0.000000	0.000000	0.000003	0	0.000000
3.850000	-0.988199	0.000000	0.000000	0.000000	0.000000	0	0.000000
3.900000	-0.988119	0.000000	0.000000	0.000000	0.000000	0	0.000000
3.950000	-0.987660	0.000000	0.000000	0.000000	0.000000	0	0.000000
4.000000	-0.988338	0.000000	0.000000	0.000000	0.000000	0	0.000000
4.050000	-0.988632	0.000000	0.000000	0.000000	0.000000	0	0.000000
4.100000	-0.988861	0.000000	0.000000	0.000000	0.000000	0	0.000000
4.150000	-0.988867	0.000000	0.000000	0.000000	0.000000	0	0.000000
4.200000	-0.989008	0.000000	0.000000	0.000000	0.000000	0	0.000000
4.250000	-0.989237	0.000000	0.000000	0.000000	0.000000	0	0.000000
4.300000	-0.989247	0.000000	0.000000	0.000000	0.000000	0	0.000000
4.350000	-0.989406	0.000000	0.000000	0.000000	0.000000	0	0.000000
4.400000	-0.989412	0.000000	0.000000	0.000000	0.000000	0	0.000000
4.450000	-0.989419	0.000000	0.000000	0.000000	0.000000	0	0.000000
4.500000	-0.989721	0.000000	0.000000	0.000000	0.000000	0	0.000000
4.550000	-0.989642	0.000000	0.000000	0.000000	0.000000	0	0.000000
4.600000	-0.989944	0.000000	0.000000	0.000000	0.000000	0	0.000000
4.650000	-0.989559	0.000000	0.000000	0.000000	0.000000	0	0.000000
4.700000	-0.989264	0.000000	0.000000	0.000000	0.000000	0	0.000000
4.750000	-0.989184	0.000000	0.000000	0.000000	0.000001	0	0.000000
4.800000	-0.989185	0.000000	0.000000	0.000000	0.000000	0	0.000000
4.850000	-0.989196	0.000000	0.000000	0.000000	0.000000	0	0.000000
4.900000	-0.989117	0.000000	0.000000	0.000000	0.000001	0	0.000000
4.950000	-0.988966	0.000000	0.000000	0.000000	0.000001	0	0.000000
5.000000	-0.988812	0.000000	0.000000	0.000000	0.000001	0	0.000000
5.050000	-0.989335	0.000000	0.000000	0.000000	0.000001	0	0.000000
5.100000	-0.989405	0.000000	0.000000	0.000000	0.000001	0	0.000000
5.150000	-0.988950	0.000000	0.000000	0.000000	0.000001	0	0.000000
5.200000	-0.988798	0.000000	0.000000	0.000000	0.000001	0	0.000000
5.250000	-0.988645	0.000000	0.000000	0.000000	0.000001	0	0.000000
5.300000	-0.988198	0.000000	0.000000	0.000000	0.000001	0	0.000000
5.350000	-0.988199	0.000000	0.000000	0.000000	0.000001	0	0.000000
5.400000	-0.988199	0.000000	0.000000	0.000000	0.000001	0	0.000000
5.450000	-0.987819	0.000000	0.000000	0.000000	0.000001	0	0.000000
5.500000	-0.988044	0.000000	0.000000	0.000000	0.000001	0	0.000000
5.550000	-0.988200	0.000000	0.000000	0.000000	0.000001	0	0.000000
5.600000	-0.988272	0.000000	0.000000	0.000000	0.000001	0	0.000000
5.650000	-0.988348	0.000000	0.000000	0.000000	0.000001	0	0.000000
5.700000	-0.987826	0.000000	0.000000	0.000000	0.000002	0	0.000000
5.750000	-0.988196	0.000000	0.000000	0.000000	0.000003	0	0.000000
5.800000	-0.988351	0.000000	0.000000	0.000000	0.000004	0	0.000000
5.850000	-0.988131	0.000000	0.000000	0.000000	0.000007	0	0.000000
5.900000	-0.988353	0.000000	0.000000	0.000000	0.000018	0	0.000000
5.950000	-0.988355	0.000000	0.000000	0.000000	0.000092	0	0.000000
6.000000	-0.988272	0.000000	0.000000	0.000000	0.000157	0	0.000000
6.050000	-0.988199	0.000000	0.000000	0.000000	0.000192	0	0.000000
6.100000	-0.988199	0.000000	0.000000	0.000000	0.000187	0	0.000000
6.150000	-0.988119	0.000000	0.000000	0.000000	0.000175	0	0.000000
6.200000	-0.987660	0.000000	0.000000	0.000000	0.000189	0	0.000000
6.250000	-0.988338	0.000000	0.000000	0.000000	0.000182	0	0.000000
6.300000	-0.988410	0.000000	0.000000	0.000000	0.000179	0	0.000000
6.350000	-0.988940	0.000000	0.000000	0.000000	0.000233	0	0.000000
6.400000	-0.988721	0.000000	0.000000	0.000000	0.000385	0	0.000000
6.450000	-0.988717	0.000000	0.000000	0.000000	0.000597	0	0.000000
6.500000	-0.988795	0.000000	0.000000	0.000000	0.000719	0	0.000000
6.550000	-0.988578	0.000000	0.000000	0.000000	0.000826	0	0.000000
6.600000	-0.989105	0.000000	0.000000	0.000000	0.000835	0	0.000000
6.650000	-0.989265	0.000000	0.000000	0.000000	0.000843	0	0.000000
6.700000	-0.989186	0.000000	0.000000	0.000000	0.000900	0	0.000000
6.750000	-0.989254	0.000000	0.000000	0.000000	0.001146	0	0.000000
6.800000	-0.988800	0.000000	0.000000	0.000000	0.001400	0	0.000000
6.850000	-0.988948	0.000000	0.000000	0.000000	0.001392	0	0.000000
6.900000	-0.988199	0.000000	0.000000	0.000000	0.001098	0	0.000000
6.950000	-0.988199	0.000000	0.000000	0.000000	0.000854	0	0.000000
7.000000	-0.988119	0.000000	0.000000	0.000000	0.001006	0	0.000000
7.050000	-0.987660	0.000000	0.000000	0.000000	0.001686	0	0.000000
7.100000	-0.988338	0.000000	0.000000	0.000000	0.002699	0	0.000000
7.150000	-0.988632	0.000000	0.000000	0.000000	0.003524	0	0.000000
7.200000	-0.988861	0.000000	0.000000	0.000000	0.004294	0	0.000000
7.250000	-0.988878	0.000000	0.000000	0.000000	0.004825	0	0.000000
7.300000	-0.988888	0.000000	0.000000	0.000000	0.005323	0	0.000000
7.350000	-0.989282	0.000000	0.000000	0.000000	0.005779	0	0.000000
7.400000	-0.989077	0.000000	0.000000	0.000000	0.005837	0	0.000000
7.450000	-0.989619	0.000000	0.000000	0.000000	0.005255	0	0.000000
7.500000	-0.989939	0.000000	0.000000	0.000000	0.003729	0	0.000000
7.550000	-0.989947	0.000000	0.000000	0.000001	0.002232	0	0.000000
7.600000	-0.989960	0.000000	0.000000	0.000001	0.001126	0	0.000000
7.650000	-0.989523	0.000000	0.000000	0.000001	0.000646	0	0.000000
7.700000	-0.989982	0.000000	0.000000	0.000000	0.000649	0	0.000000
7.750000	-0.989618	0.000000	0.000000	0.000000	0.000880	0	0.000000
7.800000	-0.989259	0.000000	0.000000	0.000000	0.001094	0	0.000000
7.850000	-0.989567	0.000000	0.000000	0.000000	0.001285	0	0.000000
7.900000	-0.989266	0.000000	0.000000	0.000000	0.001448	0	0.000000
7.950000	-0.989341	0.000000	0.000000	0.000000	0.001586	0	0.000000
8.000000	-0.988654	0.000000	0.000000	0.000000	0.001643	0	0.000000
8.050000	-0.988348	0.000000	0.000000	0.000000	0.001451	0	0.000000
8.100000	-0.987739	0.000000	0.000000	0.000000	0.001020	0	0.000000
8.150000	-0.987355	0.000000	0.000000	0.000001	0.000584	0	0.000000
8.200000	-0.987730	0.000000	0.000000	0.000001	0.000282	0	0.000000
8.250000	-0.987652	0.000000	0.000000	0.000001	0.000093	0	0.000000
8.300000	-0.987947	0.000000	0.000000	0.000001	0.000019	0	0.000000
8.350000	-0.987804	0.000000	0.000000	0.000001	0.000002	0	0.000000
8.400000	-0.987663	0.000000	0.000000	0.000001	0.000001	0	0.000000
8.450000	-0.988106	0.000000	0.000000	0.000001	0.000000	0	0.000000
8.500000	-0.988031	0.000000	0.000000	0.000000	0.000000	0	0.000000
8.550000	-0.988326	0.000000	0.000000	0.000000	0.000000	0	0.000000
8.600000	-0.988109	0.000000	0.000000	0.000000	0.000000	0	0.000000
8.650000	-0.988860	0.000000	0.000000	0.000000	0.000000	0	0.000000
8.700000	-0.989173	0.000000	0.000000	0.000000	0.000000	0	0.000000
8.750000	-0.989561	0.000000	0.000000	0.000000	0.000000	0	0.000000
8.800000	-0.989497	0.000000	0.000000	0.000001	0.000000	0	0.000000
8.850000	-0.989049	0.000000	0.000000	0.000001	0.000000	0	0.000000
8.900000	-0.988828	0.000000	0.000000	0.000000	0.000000	0	0.000000
8.950000	-0.989050	0.000000	0.000000	0.000000	0.000000	0	0.000000
9.000000	-0.989426	0.000000	0.000000	0.000000	0.000000	0	0.000000
9.050000	-0.989273	0.000000	0.000000	0.000000	0.000000	0	0.000000
9.100000	-0.989128	0.000000	0.000000	0.000000	0.000000	0	0.000000
9.150000	-0.989051	0.000000	0.000000	0.000000	0.000000	0	0.000000
9.200000	-0.988463	0.000000	0.000000	0.000000	0.000000	0	0.000000
9.250000	-0.988824	0.000000	0.000000	0.000000	0.000000	0	0.000000
9.300000	-0.988532	0.000000	0.000000	0.000000	0.000000	0	0.000000
9.350000	-0.988535	0.000000	0.000000	0.000000	0.000000	0	0.000000
9.400000	-0.988379	0.000000	0.000000	0.000000	0.000000	0	0.000000
9.450000	-0.988673	0.000000	0.000000	0.000000	0.000000	0	0.000000
9.500000	-0.989042	0.000000	0.000000	0.000000	0.000000	0	0.000000
9.550000	-0.989193	0.000000	0.000000	0.000000	0.000000	0	0.000000
9.600000	-0.989049	0.000000	0.000000	0.000000	0.000000	0	0.000000
9.650000	-0.988892	0.000000	0.000000	0.000000	0.000000	0	0.000000
9.700000	-0.989036	0.000000	0.000000	0.000000	0.000000	0	0.000000
9.750000	-0.989263	0.000000	0.000000	0.000000	0.000000	0	0.000000
9.800000	-0.988807	0.000000	0.000000	0.000000	0.000000	0	0.000000
9.850000	-0.988800	0.000000	0.000000	0.000000	0.000000	0	0.000000
9.900000	-0.988427	0.000000	0.000000	0.000000	0.000000	0	0.000000
9.950000	-0.988194	0.000000	0.000000	0.000000	0.000000	0	0.000000
10.000000	-0.988564	0.000000	0.000000	0.000000	0.000000	0	0.000000
10.050000	-0.988338	0.000000	0.000000	0.000000	0.000000	0	0.000000
10.100000	-0.989084	0.000000	0.000000	0.000000	0.000001	0	0.000000
10.150000	-0.989327	0.000000	0.000000	0.000000	0.000001	0	0.000000
10.200000	-0.989844	0.000000	0.000000	0.000000	0.000001	0	0.000000
10.250000	-0.989179	0.000000	0.000000	0.000000	0.000001	0	0.000000
10.300000	-0.989187	0.000000	0.000000	0.000000	0.000001	0	0.000000
10.350000	-0.989342	0.000000	0.000000	0.000000	0.000002	0	0.000000
10.400000	-0.989336	0.000000	0.000000	0.000000	0.000002	0	0.000000
10.450000	-0.989354	0.000000	0.000000	0.000000	0.000002	0	0.000000
10.500000	-0.989885	0.000000	0.000000	0.000000	0.000002	0	0.000000
10.550000	-0.990189	0.000000	0.000000	0.000000	0.000002	0	0.000000
10.600000	-0.990218	0.000000	0.000000	0.000000	0.000002	0	0.000000
10.650000	-0.989986	0.000000	0.000000	0.000000	0.000003	0	0.000000
10.700000	-0.990678	0.000000	0.000000	0.000000	0.000007	0	0.000000
10.750000	-0.990049	0.000000	0.000000	0.000000	0.000026	0	0.000000
10.800000	-0.989846	0.000000	0.000000	0.000000	0.000044	0	0.000000
10.850000	-0.991524	0.000000	0.000000	0.000000	0.000051	0	0.000000
10.900000	-0.990476	0.000000	0.000000	0.000000	0.000075	0	0.000000
10.950000	-0.986922	0.000000	0.000000	0.000001	0.000077	0	0.000000
11.000000	-0.985658	0.000000	0.000000	0.000003	0.000073	0	0.000000
11.050000	-0.985276	0.000000	0.000000	0.000004	0.000070	0	0.000000
11.100000	-0.985859	0.000000	0.000000	0.000005	0.000078	0	0.000000
11.150000	-0.985694	0.000000	0.000000	0.000006	0.000067	0	0.000000
11.200000	-0.985530	0.000000	0.000000	0.000006	0.000055	0	0.000000
11.250000	-0.985644	0.000000	0.000000	0.000007	0.000052	0	0.000000
11.300000	-0.985485	0.000000	0.000000	0.000007	0.000090	0	0.000000
11.350000	-0.985382	0.000000	0.000000	0.000006	0.000208	0	0.000000
11.400000	-0.985258	0.000000	0.000000	0.000005	0.000528	0	0.000000
11.450000	-0.984836	0.000000	0.000000	0.000005	0.000911	0	0.000000
11.500000	-0.982843	0.000000	0.000000	0.000003	0.001369	0	0.000000
11.550000	-0.984166	0.000000	0.000000	0.000001	0.001778	0	0.000000
11.600000	-0.987326	0.000000	0.000000	0.000001	0.001743	0	0.000000
11.650000	-0.988199	0.000000	0.000000	0.000002	0.001647	0	0.000000
11.700000	-0.988199	0.000000	0.000000	0.000002	0.001500	0	0.000000
11.750000	-0.988119	0.000000	0.000000	0.000003	0.001274	0	0.000000
11.800000	-0.987660	0.000000	0.000000	0.000003	0.001070	0	0.000000
11.850000	-0.988338	0.000000	0.000000	0.000004	0.000792	0	0.000000
11.900000	-0.988632	0.000000	0.000000	0.000004	0.000579	0	0.000000
11.950000	-0.988861	0.000000	0.000000	0.000004	0.000437	0	0.000000
12.000000	-0.988356	0.000000	0.000000	0.000004	0.000423	0	0.000000
12.050000	-0.988223	0.000000	0.000000	0.000004	0.000546	0	0.000000
12.100000	-0.988316	0.000000	0.000000	0.000004	0.000695	0	0.000000
12.150000	-0.988343	0.000000	0.000000	0.000002	0.000830	0	0.000000
12.200000	-0.988368	0.000000	0.000000	0.000000	0.000758	0	0.000000
12.250000	-0.988534	0.000000	0.000000	0.000000	0.000744	0	0.000000
12.300000	-0.988704	0.000000	0.000000	0.000000	0.000751	0	0.000000
12.350000	-0.989457	0.000000	0.000000	0.000000	0.000750	0	0.000000
12.400000	-0.989400	0.000000	0.000000	0.000000	0.000691	0	0.000000
12.450000	-0.989725	0.000000	0.000000	0.000000	0.000631	0	0.000000
12.500000	-0.989212	0.000000	0.000000	0.000000	0.000468	0	0.000000
12.550000	-0.989086	0.000000	0.000000	0.000000	0.000387	0	0.000000
12.600000	-0.989176	0.000000	0.000000	0.000000	0.000326	0	0.000000
12.650000	-0.989170	0.000000	0.000000	0.000000	0.000303	0	0.000000
12.700000	-0.989235	0.000000	0.000000	0.000000	0.000303	0	0.000000
12.750000	-0.989234	0.000000	0.000000	0.000000	0.000296	0	0.000000
12.800000	-0.988855	0.000000	0.000000	0.000000	0.000236	0	0.000000
12.850000	-0.989001	0.000000	0.000000	0.000000	0.000165	0	0.000000
12.900000	-0.989164	0.000000	0.000000	0.000000	0.000145	0	0.000000
12.950000	-0.989083	0.000000	0.000000	0.000000	0.000084	0	0.000000
13.000000	-0.988414	0.000000	0.000000	0.000000	0.000030	0	0.000000
13.050000	-0.988333	0.000000	0.000000	0.000000	0.000006	0	0.000000
13.100000	-0.988477	0.000000	0.000000	0.000000	0.000001	0	0.000000
13.150000	-0.988334	0.000000	0.000000	0.000000	0.000000	0	0.000000
13.200000	-0.988856	0.000000	0.000000	0.000000	0.000000	0	0.000000
13.250000	-0.988858	0.000000	0.000000	0.000000	0.000000	0	0.000000
13.300000	-0.989163	0.000000	0.000000	0.000000	0.000000	0	0.000000
13.350000	-0.989392	0.000000	0.000000	0.000000	0.000000	0	0.000000
13.400000	-0.989690	0.000000	0.000000	0.000000	0.000000	0	0.000000
13.450000	-0.990059	0.000000	0.000000	0.000000	0.000000	0	0.000000
13.500000	-0.990275	0.000000	0.000000	0.000000	0.000000	0	0.000000
13.550000	-0.990495	0.000000	0.000000	0.000001	0.000000	0	0.000000
13.600000	-0.990495	0.000000	0.000000	0.000001	0.000000	0	0.000000
13.650000	-0.990491	0.000000	0.000000	0.000001	0.000000	0	0.000000
13.700000	-0.990646	0.000000	0.000000	0.000001	0.000000	0	0.000000
13.750000	-0.990949	0.000000	0.000000	0.000001	0.000001	0	0.000000
13.800000	-0.991247	0.000000	0.000000	0.000001	0.000001	0	0.000000
13.850000	-0.990946	0.000000	0.000000	0.000001	0.000001	0	0.000000
13.900000	-0.990797	0.000000	0.000000	0.000000	0.000002	0	0.000000
13.950000	-0.990943	0.000000	0.000000	0.000000	0.000003	0	0.000000
14.000000	-0.991097	0.000000	0.000000	0.000000	0.000004	0	0.000000
14.050000	-0.991393	0.000000	0.000000	0.000000	0.000004	0	0.000000
14.100000	-0.991624	0.000000	0.000000	0.000000	0.000004	0	0.000000
14.150000	-0.991560	0.000000	0.000000	0.000000	0.000003	0	0.000000
14.200000	-0.990955	0.000000	0.000000	0.000000	0.000003	0	0.000000
14.250000	-0.990808	0.000000	0.000000	0.000000	0.000002	0	0.000000
14.300000	-0.990898	0.000000	0.000000	0.000000	0.000001	0	0.000000
14.350000	-0.990672	0.000000	0.000000	0.000000	0.000001	0	0.000000
14.400000	-0.990214	0.000000	0.000000	0.000000	0.000001	0	0.000000
14.450000	-0.990205	0.000000	0.000000	0.000000	0.000001	0	0.000000
14.500000	-0.989751	0.000000	0.000000	0.000000	0.000001	0	0.000000
14.550000	-0.989900	0.000000	0.000000	0.000000	0.000001	0	0.000000
14.600000	-0.989126	0.000000	0.000000	0.000001	0.000001	0	0.000000
14.650000	-0.988930	0.000000	0.000000	0.000001	0.000001	0	0.000000
14.700000	-0.988723	0.000000	0.000000	0.000001	0.000002	0	0.000000
14.750000	-0.988535	0.000000	0.000000	0.000001	0.000010	0	0.000000
14.800000	-0.986754	0.000000	0.000000	0.000002	0.000042	0	0.000000
14.850000	-0.986294	0.000000	0.000000	0.000002	0.000084	0	0.000000
14.900000	-0.986424	0.000000	0.000000	0.000003	0.000124	0	0.000000
14.950000	-0.986634	0.000000	0.000000	0.000003	0.000148	0	0.000000
15.000000	-0.986698	0.000000	0.000000	0.000003	0.000144	0	0.000000
15.050000	-0.986686	0.000000	0.000000	0.000002	0.000144	0	0.000000
15.100000	-0.986305	0.000000	0.000000	0.000002	0.000164	0	0.000000
15.150000	-0.986293	0.000000	0.000000	0.000002	0.000237	0	0.000000
15.200000	-0.986496	0.000000	0.000000	0.000001	0.000336	0	0.000000
15.250000	-0.986958	0.000000	0.000000	0.000001	0.000504	0	0.000000
15.300000	-0.986685	0.000000	0.000000	0.000001	0.000630	0	0.000000
15.350000	-0.986426	0.000000	0.000000	0.000000	0.000768	0	0.000000
15.400000	-0.986143	0.000000	0.000000	0.000000	0.000928	0	0.000000
15.450000	-0.987599	0.000000	0.000000	0.000000	0.001076	0	0.000000
15.500000	-0.988272	0.000000	0.000000	0.000000	0.001202	0	0.000000
15.550000	-0.988652	0.000000	0.000000	0.000001	0.001222	0	0.000000
15.600000	-0.988427	0.000000	0.000000	0.000001	0.001086	0	0.000000
15.650000	-0.988271	0.000000	0.000000	0.000001	0.000892	0	0.000000
15.700000	-0.988199	0.000000	0.000000	0.000001	0.000676	0	0.000000
15.750000	-0.988123	0.000000	0.000000	0.000001	0.000508	0	0.000000
15.800000	-0.988645	0.000000	0.000000	0.000001	0.000458	0	0.000000
15.850000	-0.988275	0.000000	0.000000	0.000001	0.000465	0	0.000000
15.900000	-0.988120	0.000000	0.000000	0.000001	0.000575	0	0.000000
15.950000	-0.988340	0.000000	0.000000	0.000001	0.000672	0	0.000000
16.000000	-0.988118	0.000000	0.000000	0.000000	0.000839	0	0.000000
16.050000	-0.988116	0.000000	0.000000	0.000000	0.000960	0	0.000000
16.100000	-0.988199	0.000000	0.000000	0.000000	0.001009	0	0.000000
16.150000	-0.988199	0.000000	0.000000	0.000000	0.000926	0	0.000000
16.200000	-0.988119	0.000000	0.000000	0.000000	0.000732	0	0.000000
16.250000	-0.987660	0.000000	0.000000	0.000000	0.000470	0	0.000000
16.300000	-0.988338	0.000000	0.000000	0.000000	0.000279	0	0.000000
16.350000	-0.988632	0.000000	0.000000	0.000000	0.000133	0	0.000000
16.400000	-0.988861	0.000000	0.000000	0.000000	0.000065	0	0.000000
16.450000	-0.988635	0.000000	0.000000	0.000000	0.000036	0	0.000000
16.500000	-0.989308	0.000000	0.000000	0.000000	0.000017	0	0.000000
16.550000	-0.989459	0.000000	0.000000	0.000000	0.000014	0	0.000000
16.600000	-0.990063	0.000000	0.000000	0.000000	0.000011	0	0.000000
16.650000	-0.989990	0.000000	0.000000	0.000001	0.000009	0	0.000000
16.700000	-0.990672	0.000000	0.000000	0.000001	0.000009	0	0.000000
16.750000	-0.990901	0.000000	0.000000	0.000001	0.000010	0	0.000000
16.800000	-0.991123	0.000000	0.000000	0.000001	0.000024	0	0.000000
16.850000	-0.990826	0.000000	0.000000	0.000001	0.000041	0	0.000000
16.900000	-0.991281	0.000000	0.000000	0.000001	0.000053	0	0.000000
16.950000	-0.990683	0.000000	0.000000	0.000001	0.000064	0	0.000000
17.000000	-0.990464	0.000000	0.000000	0.000001	0.000067	0	0.000000
17.050000	-0.991060	0.000000	0.000000	0.000001	0.000059	0	0.000000
17.100000	-0.990919	0.000000	0.000000	0.000000	0.000051	0	0.000000
17.150000	-0.990020	0.000000	0.000000	0.000000	0.000045	0	0.000000
17.200000	-0.990175	0.000000	0.000000	0.000000	0.000042	0	0.000000
17.250000	-0.989358	0.000000	0.000000	0.000000	0.000037	0	0.000000
17.300000	-0.989805	0.000000	0.000000	0.000000	0.000026	0	0.000000
17.350000	-0.989724	0.000000	0.000000	0.000000	0.000014	0	0.000000
17.400000	-0.989873	0.000000	0.000000	0.000000	0.000007	0	0.000000
17.450000	-0.989880	0.000000	0.000000	0.000000	0.000006	0	0.000000
17.500000	-0.990108	0.000000	0.000000	0.000000	0.000005	0	0.000000
17.550000	-0.990257	0.000000	0.000000	0.000000	0.000003	0	0.000000
17.600000	-0.990408	0.000000	0.000000	0.000000	0.000002	0	0.000000
17.650000	-0.990556	0.000000	0.000000	0.000000	0.000001	0	0.000000
17.700000	-0.989801	0.000000	0.000000	0.000000	0.000001	0	0.000000
17.750000	-0.990027	0.000000	0.000000	0.000000	0.000001	0	0.000000
17.800000	-0.991004	0.000000	0.000000	0.000000	0.000001	0	0.000000
17.850000	-0.990784	0.000000	0.000000	0.000000	0.000001	0	0.000000
17.900000	-0.991603	0.000000	0.000000	0.000000	0.000002	0	0.000000
17.950000	-0.991686	0.000000	0.000000	0.000000	0.000002	0	0.000000
18.000000	-0.991252	0.000000	0.000000	0.000000	0.000002	0	0.000000
18.050000	-0.991326	0.000000	0.000000	0.000000	0.000002	0	0.000000
18.100000	-0.991250	0.000000	0.000000	0.000000	0.000002	0	0.000000
18.150000	-0.991245	0.000000	0.000000	0.000000	0.000002	0	0.000000
18.200000	-0.991098	0.000000	0.000000	0.000000	0.000001	0	0.000000
18.250000	-0.990723	0.000000	0.000000	0.000000	0.000001	0	0.000000
18.300000	-0.990652	0.000000	0.000000	0.000000	0.000001	0	0.000000
18.350000	-0.990886	0.000000	0.000000	0.000000	0.000000	0	0.000000
18.400000	-0.991398	0.000000	0.000000	0.000000	0.000000	0	0.000000
18.450000	-0.990788	0.000000	0.000000	0.000000	0.000001	0	0.000000
18.500000	-0.991008	0.000000	0.000000	0.000000	0.000001	0	0.000000
18.550000	-0.990405	0.000000	0.000000	0.000000	0.000002	0	0.000000
18.600000	-0.990024	0.000000	0.000000	0.000000	0.000002	0	0.000000
18.650000	-0.990162	0.000000	0.000000	0.000000	0.000002	0	0.000000
18.700000	-0.990089	0.000000	0.000000	0.000000	0.000002	0	0.000000
18.750000	-0.990009	0.000000	0.000000	0.000000	0.000002	0	0.000000
18.800000	-0.989785	0.000000	0.000000	0.000000	0.000002	0	0.000000
18.850000	-0.989942	0.000000	0.000000	0.000000	0.000001	0	0.000000
18.900000	-0.990759	0.000000	0.000000	0.000000	0.000001	0	0.000000
18.950000	-0.990910	0.000000	0.000000	0.000000	0.000001	0	0.000000
19.000000	-0.990007	0.000000	0.000000	0.000000	0.000000	0	0.000000
19.050000	-0.989347	0.000000	0.000000	0.000000	0.000000	0	0.000000
19.100000	-0.989217	0.000000	0.000000	0.000000	0.000000	0	0.000000
19.150000	-0.989970	0.000000	0.000000	0.000000	0.000000	0	0.000000
19.200000	-0.991515	0.000000	0.000000	0.000000	0.000001	0	0.000000
19.250000	-0.992527	0.000000	0.000000	0.000001	0.000002	0	0.000000
19.300000	-0.999052	0.000000	0.000000	0.000007	0.000011	0	0.000000
19.350000	-1.010167	-0.050508	-0.025254	0.000035	0.000032	1	-0.001263
19.400000	-1.035565	-0.102287	-0.076397	0.000178	0.000119	1	-0.005083
19.450000	-1.052096	-0.154891	-0.128589	0.000423	0.000181	1	-0.011512
19.500000	-1.071066	-0.208445	-0.181668	0.000802	0.000217	1	-0.020595
19.550000	-1.087075	-0.262798	-0.235622	0.001285	0.000212	1	-0.032377
19.600000	-1.100944	-0.317846	-0.290322	0.001824	0.000249	1	-0.046893
19.650000	-1.110049	-0.373348	-0.345597	0.002318	0.000403	1	-0.064172
19.700000	-1.119001	-0.429298	-0.401323	0.002727	0.000497	1	-0.084239
19.750000	-1.121052	-0.485351	-0.457324	0.002934	0.000503	1	-0.107105
19.800000	-1.119606	-0.541331	-0.513341	0.002897	0.000625	1	-0.132772
19.850000	-1.108847	-0.596773	-0.569052	0.002569	0.001041	1	-0.161224
19.900000	-1.094287	-0.651488	-0.624131	0.002002	0.001568	1	-0.192431
19.950000	-1.064874	-0.704731	-0.678110	0.001409	0.001927	1	-0.226336
20.000000	-1.032533	-0.756358	-0.730545	0.001123	0.002139	1	-0.262864
20.050000	-0.984032	-0.805560	-0.780959	0.001735	0.002182	1	-0.301912
20.100000	-0.954241	-0.853272	-0.829416	0.003010	0.002247	1	-0.343382
20.150000	-0.919212	-0.899232	-0.876252	0.004975	0.002260	1	-0.387195
20.200000	-0.894360	0.000000	-0.876252	0.007215	0.002297	0	-0.387195
20.250000	-0.871372	0.000000	-0.876252	0.009427	0.002172	0	-0.387195
20.300000	-0.855242	0.000000	-0.876252	0.011217	0.001852	0	-0.387195
20.350000	-0.842460	0.000000	-0.876252	0.012256	0.001323	0	-0.387195
20.400000	-0.838946	0.000000	-0.876252	0.012274	0.000856	0	-0.387195
20.450000	-0.836312	0.000000	-0.876252	0.011277	0.000721	0	-0.387195
20.500000	-0.844811	0.000000	-0.876252	0.009386	0.000920	0	-0.387195
20.550000	-0.855854	0.000000	-0.876252	0.006897	0.001272	0	-0.387195
20.600000	-0.878494	-0.043925	-0.021962	0.004466	0.001601	1	-0.388293
20.650000	-0.899341	-0.088892	-0.066408	0.002528	0.001851	1	-0.391614
20.700000	-0.921832	-0.134983	-0.111938	0.001614	0.001987	1	-0.397210
20.750000	-0.933584	-0.181663	-0.158323	0.001307	0.002172	1	-0.405127
20.800000	-0.948484	-0.229087	-0.205375	0.001557	0.002241	1	-0.415395
20.850000	-0.954167	-0.276795	-0.252941	0.002011	0.002298	1	-0.428042
20.900000	-0.961320	-0.324861	-0.300828	0.002494	0.002163	1	-0.443084
20.950000	-0.967651	-0.373244	-0.349052	0.002854	0.001578	1	-0.460536
21.000000	-0.970926	-0.421790	-0.397517	0.002949	0.000816	1	-0.480412
21.050000	-0.970338	-0.470307	-0.446048	0.002760	0.000303	1	-0.502715
21.100000	-0.971812	-0.518898	-0.494602	0.002296	0.000100	1	-0.527445
21.150000	-0.969878	-0.567391	-0.543144	0.001703	0.000070	1	-0.554602
21.200000	-0.971407	-0.615962	-0.591677	0.001084	0.000070	1	-0.584186
21.250000	-0.970865	-0.664505	-0.640233	0.000625	0.000067	1	-0.616198
21.300000	-0.970675	-0.713039	-0.688772	0.000319	0.000066	1	-0.650636
21.350000	-0.970432	-0.761560	-0.737300	0.000164	0.000063	1	-0.687501
21.400000	-0.970830	-0.810102	-0.785831	0.000070	0.000064	1	-0.726793
21.450000	-0.968817	-0.858543	-0.834322	0.000031	0.000046	1	-0.768509
21.500000	-0.970887	-0.907087	-0.882815	0.000010	0.000045	1	-0.812650
21.550000	-0.971390	0.000000	-0.882815	0.000002	0.000030	0	-0.812650
21.600000	-0.972203	0.000000	-0.882815	0.000001	0.000029	0	-0.812650
21.650000	-0.971241	0.000000	-0.882815	0.000001	0.000030	0	-0.812650
21.700000	-0.972603	0.000000	-0.882815	0.000001	0.000031	0	-0.812650
21.750000	-0.973000	0.000000	-0.882815	0.000001	0.000047	0	-0.812650
21.800000	-0.974179	0.000000	-0.882815	0.000002	0.000066	0	-0.812650
21.850000	-0.973424	0.000000	-0.882815	0.000002	0.000108	0	-0.812650
21.900000	-0.972095	0.000000	-0.882815	0.000002	0.000158	0	-0.812650
21.950000	-0.969502	0.000000	-0.882815	0.000003	0.000210	0	-0.812650
22.000000	-0.967552	0.000000	-0.882815	0.000004	0.000248	0	-0.812650
22.050000	-0.968133	0.000000	-0.882815	0.000005	0.000248	0	-0.812650
22.100000	-0.970222	0.000000	-0.882815	0.000004	0.000236	0	-0.812650
22.150000	-0.969802	0.000000	-0.882815	0.000004	0.000200	0	-0.812650
22.200000	-0.970127	0.000000	-0.882815	0.000005	0.000162	0	-0.812650
22.250000	-0.969060	0.000000	-0.882815	0.000005	0.000122	0	-0.812650
22.300000	-0.968292	0.000000	-0.882815	0.000005	0.000090	0	-0.812650
22.350000	-0.967795	0.000000	-0.882815	0.000005	0.000051	0	-0.812650
22.400000	-0.969295	0.000000	-0.882815	0.000005	0.000031	0	-0.812650
22.450000	-0.969012	0.000000	-0.882815	0.000003	0.000016	0	-0.812650
22.500000	-0.968174	0.000000	-0.882815	0.000002	0.000020	0	-0.812650
22.550000	-0.967016	0.000000	-0.882815	0.000001	0.000029	0	-0.812650
22.600000	-0.967374	0.000000	-0.882815	0.000001	0.000047	0	-0.812650
22.650000	-0.969790	0.000000	-0.882815	0.000001	0.000054	0	-0.812650
22.700000	-0.968428	0.000000	-0.882815	0.000001	0.000058	0	-0.812650
22.750000	-0.966611	0.000000	-0.882815	0.000001	0.000063	0	-0.812650
22.800000	-0.963209	0.000000	-0.882815	0.000003	0.000067	0	-0.812650
22.850000	-0.953987	-0.047699	-0.023850	0.000018	0.000069	1	-0.813842
22.900000	-0.942197	-0.094809	-0.071254	0.000064	0.000076	1	-0.817405
22.950000	-0.929709	-0.141295	-0.118052	0.000160	0.000081	1	-0.823307
23.000000	-0.917518	-0.187171	-0.164233	0.000311	0.000070	1	-0.831519
23.050000	-0.911697	-0.232755	-0.209963	0.000469	0.000072	1	-0.842017
23.100000	-0.904070	-0.277959	-0.255357	0.000638	0.000057	1	-0.854785
23.150000	-0.906164	-0.323267	-0.300613	0.000744	0.000053	1	-0.869816
23.200000	-0.900316	-0.368283	-0.345775	0.000836	0.000046	1	-0.887104
23.250000	-0.901601	-0.413363	-0.390823	0.000860	0.000050	1	-0.906645
23.300000	-0.901841	-0.458455	-0.435909	0.000806	0.000050	1	-0.928441
23.350000	-0.904621	-0.503686	-0.481071	0.000688	0.000060	1	-0.952494
23.400000	-0.905759	-0.548974	-0.526330	0.000524	0.000118	1	-0.978811
23.450000	-0.904854	-0.594217	-0.571595	0.000339	0.000349	1	-1.007391
23.500000	-0.913553	-0.639894	-0.617056	0.000181	0.000799	1	-1.038244
23.550000	-0.925150	-0.686152	-0.663023	0.000102	0.001546	1	-1.071395
23.600000	-0.942625	-0.733283	-0.709718	0.000151	0.002476	1	-1.106881
23.650000	-0.959483	-0.781257	-0.757270	0.000338	0.003446	1	-1.144744
23.700000	-0.973621	-0.829938	-0.805598	0.000625	0.004092	1	-1.185024
23.750000	-0.984724	-0.879175	-0.854556	0.000952	0.004305	1	-1.227752
23.800000	-0.988104	-0.928580	-0.903877	0.001239	0.004007	1	-1.272946
23.850000	-1.000115	-0.978585	-0.953583	0.001515	0.003515	1	-1.320625
23.900000	-1.006216	-1.028896	-1.003741	0.001729	0.002933	1	-1.370812
23.950000	-1.009668	-1.079380	-1.054138	0.001830	0.002229	1	-1.423519
24.000000	-1.011722	-1.129966	-1.104673	0.001817	0.001533	1	-1.478752
24.050000	-1.017219	-1.180827	-1.155396	0.001699	0.001009	1	-1.536522
24.100000	-1.029522	-1.232303	-1.206565	0.001487	0.001080	1	-1.596850
24.150000	-1.034268	-1.284016	-1.258160	0.001220	0.001725	1	-1.659758
24.200000	-1.039896	-1.336011	-1.310014	0.000952	0.002555	1	-1.725259
24.250000	-1.038335	-1.387928	-1.361969	0.000723	0.003510	1	-1.793358
24.300000	-1.040192	-1.439937	-1.413933	0.000564	0.004263	1	-1.864054
24.350000	-1.031195	-1.491497	-1.465717	0.000424	0.004489	1	-1.937340
24.400000	-1.028395	-1.542917	-1.517207	0.000319	0.004302	1	-2.013200
24.450000	-1.024577	-1.594146	-1.568531	0.000211	0.003790	1	-2.091627
24.500000	-1.021858	-1.645239	-1.619692	0.000152	0.003229	1	-2.172612
24.550000	-1.017026	-1.696090	-1.670664	0.000121	0.002745	1	-2.256145
24.600000	-1.014411	-1.746811	-1.721450	0.000107	0.001986	1	-2.342217
24.650000	-1.012147	-1.797418	-1.772114	0.000105	0.001374	1	-2.430823
24.700000	-1.008415	-1.847839	-1.822628	0.000125	0.000804	1	-2.521954
24.750000	-1.001319	-1.897905	-1.872872	0.000172	0.000630	1	-2.615598
24.800000	-0.998730	-1.947841	-1.922873	0.000212	0.000667	1	-2.711742
24.850000	-0.995157	-1.997599	-1.972720	0.000231	0.000689	1	-2.810378
24.900000	-0.994313	-2.047315	-2.022457	0.000231	0.000673	1	-2.911500
24.950000	-0.989038	-2.096766	-2.072041	0.000213	0.000512	1	-3.015102
25.000000	-0.989673	-2.146250	-2.121508	0.000201	0.000308	1	-3.121178
25.050000	-0.990840	-2.195792	-2.171021	0.000176	0.000117	1	-3.229729
25.100000	-0.991757	-2.245380	-2.220586	0.000147	0.000055	1	-3.340758
25.150000	-0.991603	-2.294960	-2.270170	0.000114	0.000037	1	-3.454267
25.200000	-0.991700	-2.344545	-2.319753	0.000087	0.000040	1	-3.570254
25.250000	-0.991027	-2.394097	-2.369321	0.000061	0.000033	1	-3.688720
25.300000	-0.990883	-2.443641	-2.418869	0.000036	0.000037	1	-3.809664
25.350000	-0.991250	-2.493203	-2.468422	0.000016	0.000043	1	-3.933085
25.400000	-0.991420	0.000000	-2.468422	0.000008	0.000044	0	-3.933085
25.450000	-0.990550	0.000000	-2.468422	0.000003	0.000033	0	-3.933085
25.500000	-0.990920	0.000000	-2.468422	0.000002	0.000035	0	-3.933085
25.550000	-0.990848	0.000000	-2.468422	0.000001	0.000034	0	-3.933085
25.600000	-0.990851	0.000000	-2.468422	0.000000	0.000030	0	-3.933085
25.650000	-0.990791	0.000000	-2.468422	0.000000	0.000017	0	-3.933085
25.700000	-0.991159	0.000000	-2.468422	0.000000	0.000008	0	-3.933085
25.750000	-0.991611	0.000000	-2.468422	0.000000	0.000004	0	-3.933085
25.800000	-0.991766	0.000000	-2.468422	0.000000	0.000003	0	-3.933085
25.850000	-0.991844	0.000000	-2.468422	0.000000	0.000002	0	-3.933085
25.900000	-0.992145	0.000000	-2.468422	0.000000	0.000002	0	-3.933085
25.950000	-0.991764	0.000000	-2.468422	0.000000	0.000001	0	-3.933085
26.000000	-0.991097	0.000000	-2.468422	0.000000	0.000001	0	-3.933085
26.050000	-0.991325	0.000000	-2.468422	0.000000	0.000001	0	-3.933085
26.100000	-0.991480	0.000000	-2.468422	0.000000	0.000001	0	-3.933085
26.150000	-0.991025	0.000000	-2.468422	0.000000	0.000001	0	-3.933085
26.200000	-0.990588	0.000000	-2.468422	0.000000	0.000001	0	-3.933085
26.250000	-0.990964	0.000000	-2.468422	0.000000	0.000001	0	-3.933085
26.300000	-0.991177	0.000000	-2.468422	0.000000	0.000001	0	-3.933085
26.350000	-0.990813	0.000000	-2.468422	0.000000	0.000000	0	-3.933085
26.400000	-0.990727	0.000000	-2.468422	0.000000	0.000001	0	-3.933085
26.450000	-0.990713	0.000000	-2.468422	0.000000	0.000001	0	-3.933085
26.500000	-0.990638	0.000000	-2.468422	0.000000	0.000001	0	-3.933085
26.550000	-0.990408	0.000000	-2.468422	0.000000	0.000002	0	-3.933085
26.600000	-0.990853	0.000000	-2.468422	0.000000	0.000001	0	-3.933085
26.650000	-0.991230	0.000000	-2.468422	0.000000	0.000001	0	-3.933085
26.700000	-0.990859	0.000000	-2.468422	0.000000	0.000001	0	-3.933085
26.750000	-0.990856	0.000000	-2.468422	0.000000	0.000001	0	-3.933085
26.800000	-0.990939	0.000000	-2.468422	0.000000	0.000001	0	-3.933085
26.850000	-0.990930	0.000000	-2.468422	0.000000	0.000001	0	-3.933085
26.900000	-0.990401	0.000000	-2.468422	0.000000	0.000001	0	-3.933085
26.950000	-0.990178	0.000000	-2.468422	0.000000	0.000001	0	-3.933085
27.000000	-0.990321	0.000000	-2.468422	0.000000	0.000001	0	-3.933085
27.050000	-0.990410	0.000000	-2.468422	0.000000	0.000001	0	-3.933085
27.100000	-0.990415	0.000000	-2.468422	0.000000	0.000002	0	-3.933085
27.150000	-0.990709	0.000000	-2.468422	0.000000	0.000002	0	-3.933085
27.200000	-0.990716	0.000000	-2.468422	0.000000	0.000002	0	-3.933085
27.250000	-0.990198	0.000000	-2.468422	0.000000	0.000002	0	-3.933085
27.300000	-0.989967	0.000000	-2.468422	0.000000	0.000001	0	-3.933085
27.350000	-0.990115	0.000000	-2.468422	0.000000	0.000001	0	-3.933085
27.400000	-0.990118	0.000000	-2.468422	0.000000	0.000001	0	-3.933085
27.450000	-0.990414	0.000000	-2.468422	0.000000	0.000001	0	-3.933085
27.500000	-0.990563	0.000000	-2.468422	0.000000	0.000001	0	-3.933085
27.550000	-0.990714	0.000000	-2.468422	0.000000	0.000000	0	-3.933085
27.600000	-0.990636	0.000000	-2.468422	0.000000	0.000000	0	-3.933085
27.650000	-0.990489	0.000000	-2.468422	0.000000	0.000000	0	-3.933085
27.700000	-0.990415	0.000000	-2.468422	0.000000	0.000000	0	-3.933085
27.750000	-0.990340	0.000000	-2.468422	0.000000	0.000000	0	-3.933085
27.800000	-0.989970	0.000000	-2.468422	0.000000	0.000000	0	-3.933085
27.850000	-0.989738	0.000000	-2.468422	0.000000	0.000000	0	-3.933085
27.900000	-0.989881	0.000000	-2.468422	0.000000	0.000000	0	-3.933085
27.950000	-0.989955	0.000000	-2.468422	0.000000	0.000000	0	-3.933085
28.000000	-0.990092	0.000000	-2.468422	0.000000	0.000000	0	-3.933085
28.050000	-0.990020	0.000000	-2.468422	0.000000	0.000000	0	-3.933085
28.100000	-0.989872	0.000000	-2.468422	0.000000	0.000000	0	-3.933085
28.150000	-0.990014	0.000000	-2.468422	0.000000	0.000000	0	-3.933085
28.200000	-0.989794	0.000000	-2.468422	0.000000	0.000000	0	-3.933085
28.250000	-0.989798	0.000000	-2.468422	0.000000	0.000000	0	-3.933085
28.300000	-0.990016	0.000000	-2.468422	0.000000	0.000000	0	-3.933085
28.350000	-0.989861	0.000000	-2.468422	0.000000	0.000000	0	-3.933085
28.400000	-0.989725	0.000000	-2.468422	0.000000	0.000000	0	-3.933085
28.450000	-0.989656	0.000000	-2.468422	0.000000	0.000000	0	-3.933085
28.500000	-0.990105	0.000000	-2.468422	0.000000	0.000000	0	-3.933085
28.550000	-0.990332	0.000000	-2.468422	0.000000	0.000000	0	-3.933085
28.600000	-0.990112	0.000000	-2.468422	0.000000	0.000000	0	-3.933085
28.650000	-0.989588	0.000000	-2.468422	0.000000	0.000000	0	-3.933085
28.700000	-0.989808	0.000000	-2.468422	0.000000	0.000000	0	-3.933085
28.750000	-0.989579	0.000000	-2.468422	0.000000	0.000000	0	-3.933085
28.800000	-0.989201	0.000000	-2.468422	0.000000	0.000001	0	-3.933085
28.850000	-0.989347	0.000000	-2.468422	0.000000	0.000001	0	-3.933085
28.900000	-0.989498	0.000000	-2.468422	0.000000	0.000001	0	-3.933085
28.950000	-0.989576	0.000000	-2.468422	0.000000	0.000001	0	-3.933085
29.000000	-0.989795	0.000000	-2.468422	0.000000	0.000001	0	-3.933085
29.050000	-0.989557	0.000000	-2.468422	0.000000	0.000001	0	-3.933085
29.100000	-0.989633	0.000000	-2.468422	0.000000	0.000001	0	-3.933085
29.150000	-0.989264	0.000000	-2.468422	0.000000	0.000001	0	-3.933085
29.200000	-0.988969	0.000000	-2.468422	0.000000	0.000001	0	-3.933085
29.250000	-0.989186	0.000000	-2.468422	0.000000	0.000001	0	-3.933085
29.300000	-0.989721	0.000000	-2.468422	0.000000	0.000001	0	-3.933085
29.350000	-0.989871	0.000000	-2.468422	0.000000	0.000000	0	-3.933085
29.400000	-0.989658	0.000000	-2.468422	0.000000	0.000000	0	-3.933085
29.450000	-0.989964	0.000000	-2.468422	0.000000	0.000000	0	-3.933085
29.500000	-0.990040	0.000000	-2.468422	0.000000	0.000001	0	-3.933085
29.550000	-0.990335	0.000000	-2.468422	0.000000	0.000001	0	-3.933085
29.600000	-0.989969	0.000000	-2.468422	0.000000	0.000001	0	-3.933085
29.650000	-0.989606	0.000000	-2.468422	0.000000	0.000001	0	-3.933085
29.700000	-0.989833	0.000000	-2.468422	0.000000	0.000001	0	-3.933085
29.750000	-0.989831	0.000000	-2.468422	0.000000	0.000001	0	-3.933085
29.800000	-0.989832	0.000000	-2.468422	0.000000	0.000001	0	-3.933085
29.850000	-0.990049	0.000000	-2.468422	0.000000	0.000001	0	-3.933085
29.900000	-0.989836	0.000000	-2.468422	0.000000	0.000001	0	-3.933085
29.950000	-0.989612	0.000000	-2.468422	0.000000	0.000001	0	-3.933085
30.000000	-0.989461	0.000000	-2.468422	0.000000	0.000000	0	-3.933085
30.050000	-0.990047	0.000000	-2.468422	0.000000	0.000000	0	-3.933085
30.100000	-0.990191	0.000000	-2.468422	0.000000	0.000000	0	-3.933085
30.150000	-0.990495	0.000000	-2.468422	0.000000	0.000000	0	-3.933085
30.200000	-0.990348	0.000000	-2.468422	0.000000	0.000000	0	-3.933085
30.250000	-0.990044	0.000000	-2.468422	0.000000	0.000000	0	-3.933085
30.300000	-0.990263	0.000000	-2.468422	0.000000	0.000000	0	-3.933085
30.350000	-0.990564	0.000000	-2.468422	0.000000	0.000000	0	-3.933085
30.400000	-0.990636	0.000000	-2.468422	0.000000	0.000000	0	-3.933085
30.450000	-0.990797	0.000000	-2.468422	0.000000	0.000000	0	-3.933085
30.500000	-0.990875	0.000000	-2.468422	0.000000	0.000000	0	-3.933085
30.550000	-0.991020	0.000000	-2.468422	0.000000	0.000000	0	-3.933085
30.600000	-0.991088	0.000000	-2.468422	0.000000	0.000000	0	-3.933085
30.650000	-0.991165	0.000000	-2.468422	0.000000	0.000000	0	-3.933085
30.700000	-0.990726	0.000000	-2.468422	0.000000	0.000000	0	-3.933085
30.750000	-0.990656	0.000000	-2.468422	0.000000	0.000000	0	-3.933085
30.800000	-0.991250	0.000000	-2.468422	0.000000	0.000000	0	-3.933085
30.850000	-0.991036	0.000000	-2.468422	0.000000	0.000000	0	-3.933085
30.900000	-0.991263	0.000000	-2.468422	0.000000	0.000000	0	-3.933085
30.950000	-0.991340	0.000000	-2.468422	0.000000	0.000000	0	-3.933085
31.000000	-0.990814	0.000000	-2.468422	0.000000	0.000000	0	-3.933085
31.050000	-0.990537	0.000000	-2.468422	0.000000	0.000001	0	-3.933085
31.100000	-0.990541	0.000000	-2.468422	0.000000	0.000001	0	-3.933085
31.150000	-0.990032	0.000000	-2.468422	0.000000	0.000002	0	-3.933085
31.200000	-0.990569	0.000000	-2.468422	0.000000	0.000004	0	-3.933085
31.250000	-0.990584	0.000000	-2.468422	0.000000	0.000007	0	-3.933085
31.300000	-0.990746	0.000000	-2.468422	0.000000	0.000008	0	-3.933085
31.350000	-0.991396	0.000000	-2.468422	0.000000	0.000012	0	-3.933085
31.400000	-0.991574	0.000000	-2.468422	0.000000	0.000056	0	-3.933085
31.450000	-0.990506	0.000000	-2.468422	0.000000	0.000298	0	-3.933085
31.500000	-0.991760	0.000000	-2.468422	0.000000	0.000739	0	-3.933085
31.550000	-0.990186	0.000000	-2.468422	0.000000	0.001772	0	-3.933085
31.600000	-0.990725	0.000000	-2.468422	0.000000	0.003850	0	-3.933085
31.650000	-0.991048	0.000000	-2.468422	0.000000	0.007286	0	-3.933085
31.700000	-0.990115	0.000000	-2.468422	0.000000	0.011912	0	-3.933085
31.750000	-0.988673	0.000000	-2.468422	0.000001	0.017453	0	-3.933085
31.800000	-0.989282	0.000000	-2.468422	0.000001	0.025033	0	-3.933085
31.850000	-0.989852	0.000000	-2.468422	0.000001	0.033865	0	-3.933085
31.900000	-0.985510	0.000000	-2.468422	0.000003	0.044453	0	-3.933085
31.950000	-0.981846	0.000000	-2.468422	0.000008	0.056546	0	-3.933085
32.000000	-0.981446	0.000000	-2.468422	0.000013	0.068542	0	-3.933085
32.050000	-0.982452	0.000000	-2.468422	0.000015	0.077055	0	-3.933085
32.100000	-0.981475	0.000000	-2.468422	0.000018	0.081898	0	-3.933085
32.150000	-0.978519	0.000000	-2.468422	0.000022	0.085587	0	-3.933085
32.200000	-0.983233	0.000000	-2.468422	0.000021	0.089883	0	-3.933085
32.250000	-0.984012	0.000000	-2.468422	0.000019	0.091197	0	-3.933085
32.300000	-0.982205	0.000000	-2.468422	0.000016	0.088582	0	-3.933085
32.350000	-0.982797	0.000000	-2.468422	0.000013	0.083525	0	-3.933085
32.400000	-0.984452	0.000000	-2.468422	0.000011	0.074614	0	-3.933085
32.450000	-0.986233	0.000000	-2.468422	0.000009	0.063120	0	-3.933085
32.500000	-0.985432	0.000000	-2.468422	0.000005	0.049761	0	-3.933085
32.550000	-0.990469	0.000000	-2.468422	0.000009	0.036936	0	-3.933085
32.600000	-0.993299	0.000000	-2.468422	0.000016	0.026494	0	-3.933085
32.650000	-0.994752	0.000000	-2.468422	0.000024	0.018509	0	-3.933085
32.700000	-0.993849	0.000000	-2.468422	0.000029	0.011542	0	-3.933085
32.750000	-0.995771	-0.049789	-0.024894	0.000034	0.005798	1	-3.934330
32.800000	-0.997274	-0.099652	-0.074720	0.000034	0.004265	1	-3.938066
32.850000	-0.993394	-0.149322	-0.124487	0.000033	0.006886	1	-3.944290
32.900000	-0.992572	0.000000	-0.124487	0.000030	0.011250	0	-3.944290
32.950000	-0.994573	0.000000	-0.124487	0.000025	0.016767	0	-3.944290
33.000000	-0.995902	0.000000	-0.124487	0.000020	0.023704	0	-3.944290
33.050000	-0.995929	0.000000	-0.124487	0.000015	0.029619	0	-3.944290
33.100000	-0.994195	0.000000	-0.124487	0.000010	0.035834	0	-3.944290
33.150000	-0.993901	0.000000	-0.124487	0.000004	0.041531	0	-3.944290
33.200000	-0.992930	0.000000	-0.124487	0.000002	0.046304	0	-3.944290
33.250000	-0.993287	0.000000	-0.124487	0.000002	0.049553	0	-3.944290
33.300000	-0.991750	0.000000	-0.124487	0.000003	0.050942	0	-3.944290
33.350000	-0.991123	0.000000	-0.124487	0.000003	0.049808	0	-3.944290
33.400000	-0.990307	0.000000	-0.124487	0.000004	0.046626	0	-3.944290
33.450000	-0.990594	0.000000	-0.124487	0.000004	0.043982	0	-3.944290
33.500000	-0.992018	0.000000	-0.124487	0.000004	0.043897	0	-3.944290
33.550000	-0.991341	0.000000	-0.124487	0.000004	0.044110	0	-3.944290
33.600000	-0.996546	0.000000	-0.124487	0.000005	0.043117	0	-3.944290
33.650000	-0.996386	0.000000	-0.124487	0.000005	0.042309	0	-3.944290
33.700000	-0.995783	0.000000	-0.124487	0.000005	0.040457	0	-3.944290
33.750000	-0.995735	0.000000	-0.124487	0.000006	0.037664	0	-3.944290
33.800000	-0.995967	0.000000	-0.124487	0.000006	0.034018	0	-3.944290
33.850000	-0.996328	0.000000	-0.124487	0.000007	0.029963	0	-3.944290
33.900000	-0.996810	0.000000	-0.124487	0.000008	0.026220	0	-3.944290
33.950000	-0.997025	0.000000	-0.124487	0.000008	0.022406	0	-3.944290
34.000000	-0.997318	0.000000	-0.124487	0.000008	0.018380	0	-3.944290
34.050000	-0.997232	0.000000	-0.124487	0.000006	0.013404	0	-3.944290
34.100000	-0.997149	0.000000	-0.124487	0.000004	0.008467	0	-3.944290
34.150000	-0.996325	0.000000	-0.124487	0.000003	0.005338	0	-3.944290
34.200000	-0.996008	0.000000	-0.124487	0.000001	0.003507	0	-3.944290
34.250000	-0.990534	0.000000	-0.124487	0.000003	0.002279	0	-3.944290
34.300000	-0.989705	0.000000	-0.124487	0.000006	0.001404	0	-3.944290
34.350000	-0.990145	0.000000	-0.124487	0.000009	0.000968	0	-3.944290
34.400000	-0.989768	-0.049488	-0.024744	0.000011	0.000599	1	-3.945527
34.450000	-0.989771	-0.098977	-0.074233	0.000013	0.000259	1	-3.949239
34.500000	-0.989170	-0.148435	-0.123706	0.000014	0.000054	1	-3.955424
34.550000	-0.989018	-0.197886	-0.173161	0.000015	0.000009	1	-3.964082
34.600000	-0.988794	-0.247326	-0.222606	0.000015	0.000006	1	-3.975213
34.650000	-0.989090	-0.296781	-0.272053	0.000013	0.000007	1	-3.988815
34.700000	-0.989457	-0.346253	-0.321517	0.000011	0.000008	1	-4.004891
34.750000	-0.989457	0.000000	-0.321517	0.000007	0.000009	0	-4.004891
34.800000	-0.989763	0.000000	-0.321517	0.000004	0.000009	0	-4.004891
34.850000	-0.989679	0.000000	-0.321517	0.000001	0.000004	0	-4.004891
34.900000	-0.989757	0.000000	-0.321517	0.000000	0.000003	0	-4.004891
34.950000	-0.990124	0.000000	-0.321517	0.000000	0.000002	0	-4.004891
35.000000	-0.990200	0.000000	-0.321517	0.000000	0.000002	0	-4.004891
35.050000	-0.990205	0.000000	-0.321517	0.000000	0.000001	0	-4.004891
35.100000	-0.989967	0.000000	-0.321517	0.000000	0.000001	0	-4.004891
35.150000	-0.990489	0.000000	-0.321517	0.000000	0.000001	0	-4.004891
35.200000	-0.990412	0.000000	-0.321517	0.000000	0.000001	0	-4.004891
35.250000	-0.990644	0.000000	-0.321517	0.000000	0.000001	0	-4.004891
35.300000	-0.990045	0.000000	-0.321517	0.000000	0.000001	0	-4.004891
35.350000	-0.990048	0.000000	-0.321517	0.000000	0.000001	0	-4.004891
35.400000	-0.990340	0.000000	-0.321517	0.000000	0.000001	0	-4.004891
35.450000	-0.990643	0.000000	-0.321517	0.000000	0.000000	0	-4.004891
35.500000	-0.991456	0.000000	-0.321517	0.000000	0.000000	0	-4.004891
35.550000	-0.991984	0.000000	-0.321517	0.000000	0.000000	0	-4.004891
35.600000	-0.991619	0.000000	-0.321517	0.000000	0.000001	0	-4.004891
35.650000	-0.991321	0.000000	-0.321517	0.000000	0.000001	0	-4.004891
35.700000	-0.991695	0.000000	-0.321517	0.000001	0.000001	0	-4.004891
35.750000	-0.992225	0.000000	-0.321517	0.000001	0.000001	0	-4.004891
35.800000	-0.992008	0.000000	-0.321517	0.000001	0.000001	0	-4.004891
35.850000	-0.992234	0.000000	-0.321517	0.000001	0.000002	0	-4.004891
35.900000	-0.992229	0.000000	-0.321517	0.000001	0.000002	0	-4.004891
35.950000	-0.992683	0.000000	-0.321517	0.000001	0.000002	0	-4.004891
36.000000	-0.992236	0.000000	-0.321517	0.000001	0.000002	0	-4.004891
36.050000	-0.992322	0.000000	-0.321517	0.000000	0.000001	0	-4.004891
36.100000	-0.992015	0.000000	-0.321517	0.000000	0.000001	0	-4.004891
36.150000	-0.991807	0.000000	-0.321517	0.000000	0.000000	0	-4.004891
36.200000	-0.991279	0.000000	-0.321517	0.000000	0.000000	0	-4.004891
36.250000	-0.991871	0.000000	-0.321517	0.000000	0.000000	0	-4.004891
36.300000	-0.992161	0.000000	-0.321517	0.000000	0.000000	0	-4.004891
36.350000	-0.992301	0.000000	-0.321517	0.000000	0.000000	0	-4.004891
36.400000	-0.992146	0.000000	-0.321517	0.000000	0.000000	0	-4.004891
36.450000	-0.992361	0.000000	-0.321517	0.000000	0.000001	0	-4.004891
36.500000	-0.992432	0.000000	-0.321517	0.000000	0.000002	0	-4.004891
36.550000	-0.992276	0.000000	-0.321517	0.000000	0.000002	0	-4.004891
36.600000	-0.991746	0.000000	-0.321517	0.000000	0.000003	0	-4.004891
36.650000	-0.991896	0.000000	-0.321517	0.000000	0.000003	0	-4.004891
36.700000	-0.991527	0.000000	-0.321517	0.000000	0.000004	0	-4.004891
36.750000	-0.991383	0.000000	-0.321517	0.000000	0.000004	0	-4.004891
36.800000	-0.991233	0.000000	-0.321517	0.000000	0.000004	0	-4.004891
36.850000	-0.991378	0.000000	-0.321517	0.000000	0.000003	0	-4.004891
36.900000	-0.991004	0.000000	-0.321517	0.000000	0.000003	0	-4.004891
36.950000	-0.991083	0.000000	-0.321517	0.000000	0.000002	0	-4.004891
37.000000	-0.990934	0.000000	-0.321517	0.000000	0.000001	0	-4.004891
37.050000	-0.990484	0.000000	-0.321517	0.000000	0.000000	0	-4.004891
37.100000	-0.990564	0.000000	-0.321517	0.000000	0.000000	0	-4.004891
37.150000	-0.989909	0.000000	-0.321517	0.000000	0.000000	0	-4.004891
37.200000	-0.990075	0.000000	-0.321517	0.000000	0.000000	0	-4.004891
37.250000	-0.990591	0.000000	-0.321517	0.000000	0.000001	0	-4.004891
37.300000	-0.990963	0.000000	-0.321517	0.000000	0.000001	0	-4.004891
37.350000	-0.990984	0.000000	-0.321517	0.000000	0.000001	0	-4.004891
37.400000	-0.991416	0.000000	-0.321517	0.000000	0.000008	0	-4.004891
37.450000	-0.991314	0.000000	-0.321517	0.000000	0.000063	0	-4.004891
37.500000	-0.991331	0.000000	-0.321517	0.000000	0.000407	0	-4.004891
37.550000	-0.991185	0.000000	-0.321517	0.000000	0.001624	0	-4.004891
37.600000	-0.993112	0.000000	-0.321517	0.000001	0.003989	0	-4.004891
37.650000	-0.992969	0.000000	-0.321517	0.000001	0.007341	0	-4.004891
37.700000	-0.993762	0.000000	-0.321517	0.000001	0.013638	0	-4.004891
37.750000	-0.994638	0.000000	-0.321517	0.000002	0.024594	0	-4.004891
37.800000	-0.995104	0.000000	-0.321517	0.000003	0.041751	0	-4.004891
37.850000	-0.995368	0.000000	-0.321517	0.000003	0.064905	0	-4.004891
37.900000	-0.994226	0.000000	-0.321517	0.000003	0.094241	0	-4.004891
37.950000	-0.994994	0.000000	-0.321517	0.000003	0.127440	0	-4.004891
38.000000	-0.995877	0.000000	-0.321517	0.000003	0.162701	0	-4.004891
38.050000	-0.994992	0.000000	-0.321517	0.000003	0.198921	0	-4.004891
38.100000	-0.996711	0.000000	-0.321517	0.000003	0.230096	0	-4.004891
38.150000	-0.996624	0.000000	-0.321517	0.000003	0.250143	0	-4.004891
38.200000	-0.997446	0.000000	-0.321517	0.000002	0.255581	0	-4.004891
38.250000	-0.996263	0.000000	-0.321517	0.000002	0.247934	0	-4.004891
38.300000	-0.996420	0.000000	-0.321517	0.000001	0.224383	0	-4.004891
38.350000	-0.994264	0.000000	-0.321517	0.000001	0.188345	0	-4.004891
38.400000	-0.993958	0.000000	-0.321517	0.000001	0.145985	0	-4.004891
38.450000	-0.994844	0.000000	-0.321517	0.000001	0.104005	0	-4.004891
38.500000	-0.994307	0.000000	-0.321517	0.000001	0.067282	0	-4.004891
38.550000	-0.996464	0.000000	-0.321517	0.000001	0.040551	0	-4.004891
38.600000	-0.995952	0.000000	-0.321517	0.000001	0.025755	0	-4.004891
38.650000	-0.995253	0.000000	-0.321517	0.000001	0.023948	0	-4.004891
38.700000	-0.997183	0.000000	-0.321517	0.000001	0.035677	0	-4.004891
38.750000	-0.995105	0.000000	-0.321517	0.000001	0.056998	0	-4.004891
38.800000	-0.995009	0.000000	-0.321517	0.000001	0.084115	0	-4.004891
38.850000	-0.994508	0.000000	-0.321517	0.000001	0.113052	0	-4.004891
38.900000	-0.993109	0.000000	-0.321517	0.000001	0.140416	0	-4.004891
38.950000	-0.993530	0.000000	-0.321517	0.000001	0.159605	0	-4.004891
39.000000	-0.995485	0.000000	-0.321517	0.000001	0.170939	0	-4.004891
39.050000	-0.994907	0.000000	-0.321517	0.000001	0.175175	0	-4.004891
39.100000	-0.994141	0.000000	-0.321517	0.000001	0.173302	0	-4.004891
39.150000	-0.994326	0.000000	-0.321517	0.000001	0.165182	0	-4.004891
39.200000	-0.993105	0.000000	-0.321517	0.000001	0.152337	0	-4.004891
39.250000	-0.992402	0.000000	-0.321517	0.000002	0.135046	0	-4.004891
39.300000	-0.992116	0.000000	-0.321517	0.000002	0.114898	0	-4.004891
39.350000	-0.990858	0.000000	-0.321517	0.000002	0.095483	0	-4.004891
39.400000	-0.991022	0.000000	-0.321517	0.000002	0.077232	0	-4.004891
39.450000	-0.991414	0.000000	-0.321517	0.000002	0.060534	0	-4.004891
39.500000	-0.991320	0.000000	-0.321517	0.000003	0.045324	0	-4.004891
39.550000	-0.991684	0.000000	-0.321517	0.000003	0.033348	0	-4.004891
39.600000	-0.990657	0.000000	-0.321517	0.000003	0.023385	0	-4.004891
39.650000	-0.990070	0.000000	-0.321517	0.000003	0.015374	0	-4.004891
39.700000	-0.989930	0.000000	-0.321517	0.000002	0.009430	0	-4.004891
39.750000	-0.989491	0.000000	-0.321517	0.000002	0.005230	0	-4.004891
39.800000	-0.988984	0.000000	-0.321517	0.000002	0.002560	0	-4.004891
39.850000	-0.988835	0.000000	-0.321517	0.000001	0.001126	0	-4.004891
39.900000	-0.989354	0.000000	-0.321517	0.000001	0.000337	0	-4.004891
39.950000	-0.989363	0.000000	-0.321517	0.000001	0.000062	0	-4.004891
40.000000	-0.989292	0.000000	-0.321517	0.000001	0.000006	0	-4.004891
40.050000	-0.989646	0.000000	-0.321517	0.000001	0.000001	0	-4.004891
40.100000	-0.989273	0.000000	-0.321517	0.000001	0.000000	0	-4.004891
40.150000	-0.989416	0.000000	-0.321517	0.000001	0.000000	0	-4.004891
40.200000	-0.989707	0.000000	-0.321517	0.000000	0.000000	0	-4.004891
40.250000	-0.990390	0.000000	-0.321517	0.000000	0.000000	0	-4.004891
40.300000	-0.990544	0.000000	-0.321517	0.000000	0.000000	0	-4.004891
40.350000	-0.990618	0.000000	-0.321517	0.000000	0.000000	0	-4.004891
40.400000	-0.990837	0.000000	-0.321517	0.000000	0.000000	0	-4.004891
40.450000	-0.991423	0.000000	-0.321517	0.000001	0.000000	0	-4.004891
40.500000	-0.991938	0.000000	-0.321517	0.000001	0.000000	0	-4.004891
40.550000	-0.991277	0.000000	-0.321517	0.000001	0.000000	0	-4.004891
40.600000	-0.991635	0.000000	-0.321517	0.000001	0.000000	0	-4.004891
40.650000	-0.991861	0.000000	-0.321517	0.000001	0.000000	0	-4.004891
40.700000	-0.992091	0.000000	-0.321517	0.000001	0.000000	0	-4.004891
40.750000	-0.992090	0.000000	-0.321517	0.000001	0.000000	0	-4.004891
40.800000	-0.992175	0.000000	-0.321517	0.000001	0.000000	0	-4.004891
40.850000	-0.992172	0.000000	-0.321517	0.000001	0.000000	0	-4.004891
40.900000	-0.991561	0.000000	-0.321517	0.000000	0.000000	0	-4.004891
40.950000	-0.991564	0.000000	-0.321517	0.000000	0.000000	0	-4.004891
41.000000	-0.991416	0.000000	-0.321517	0.000000	0.000000	0	-4.004891
41.050000	-0.991353	0.000000	-0.321517	0.000000	0.000000	0	-4.004891
41.100000	-0.991133	0.000000	-0.321517	0.000000	0.000000	0	-4.004891
41.150000	-0.990841	0.000000	-0.321517	0.000000	0.000000	0	-4.004891
41.200000	-0.991135	0.000000	-0.321517	0.000000	0.000000	0	-4.004891
41.250000	-0.991212	0.000000	-0.321517	0.000000	0.000000	0	-4.004891
41.300000	-0.990981	0.000000	-0.321517	0.000000	0.000000	0	-4.004891
41.350000	-0.990771	0.000000	-0.321517	0.000000	0.000000	0	-4.004891
41.400000	-0.991290	0.000000	-0.321517	0.000000	0.000000	0	-4.004891
41.450000	-0.990910	0.000000	-0.321517	0.000000	0.000001	0	-4.004891
41.500000	-0.990837	0.000000	-0.321517	0.000000	0.000001	0	-4.004891
41.550000	-0.990693	0.000000	-0.321517	0.000000	0.000001	0	-4.004891
41.600000	-0.990614	0.000000	-0.321517	0.000000	0.000001	0	-4.004891
41.650000	-0.990687	0.000000	-0.321517	0.000000	0.000001	0	-4.004891
41.700000	-0.990825	0.000000	-0.321517	0.000000	0.000000	0	-4.004891
41.750000	-0.990142	0.000000	-0.321517	0.000000	0.000000	0	-4.004891
41.800000	-0.990138	0.000000	-0.321517	0.000000	0.000000	0	-4.004891
41.850000	-0.990132	0.000000	-0.321517	0.000000	0.000000	0	-4.004891
41.900000	-0.990210	0.000000	-0.321517	0.000000	0.000000	0	-4.004891
41.950000	-0.989994	0.000000	-0.321517	0.000000	0.000000	0	-4.004891
42.000000	-0.989908	0.000000	-0.321517	0.000000	0.000000	0	-4.004891
42.050000	-0.989604	0.000000	-0.321517	0.000000	0.000001	0	-4.004891
42.100000	-0.989896	0.000000	-0.321517	0.000000	0.000001	0	-4.004891
42.150000	-0.989744	0.000000	-0.321517	0.000000	0.000001	0	-4.004891
42.200000	-0.989880	0.000000	-0.321517	0.000000	0.000001	0	-4.004891
42.250000	-0.990037	0.000000	-0.321517	0.000000	0.000001	0	-4.004891
42.300000	-0.989734	0.000000	-0.321517	0.000000	0.000001	0	-4.004891
42.350000	-0.989510	0.000000	-0.321517	0.000000	0.000001	0	-4.004891
42.400000	-0.990264	0.000000	-0.321517	0.000000	0.000001	0	-4.004891
42.450000	-0.990250	0.000000	-0.321517	0.000000	0.000001	0	-4.004891
42.500000	-0.989872	0.000000	-0.321517	0.000000	0.000001	0	-4.004891
42.550000	-0.990016	0.000000	-0.321517	0.000000	0.000000	0	-4.004891
42.600000	-0.989937	0.000000	-0.321517	0.000000	0.000000	0	-4.004891
42.650000	-0.989630	0.000000	-0.321517	0.000000	0.000000	0	-4.004891
42.700000	-0.989264	0.000000	-0.321517	0.000000	0.000000	0	-4.004891
42.750000	-0.989260	0.000000	-0.321517	0.000000	0.000000	0	-4.004891
42.800000	-0.989496	0.000000	-0.321517	0.000000	0.000000	0	-4.004891
42.850000	-0.989272	0.000000	-0.321517	0.000000	0.000000	0	-4.004891
42.900000	-0.989420	0.000000	-0.321517	0.000000	0.000000	0	-4.004891
42.950000	-0.989723	0.000000	-0.321517	0.000000	0.000000	0	-4.004891
43.000000	-0.989744	0.000000	-0.321517	0.000000	0.000001	0	-4.004891
43.050000	-0.993308	0.000000	-0.321517	0.000001	0.000001	0	-4.004891
43.100000	-0.996739	0.000000	-0.321517	0.000005	0.000002	0	-4.004891
43.150000	-0.998400	0.000000	-0.321517	0.000010	0.000003	0	-4.004891
43.200000	-0.997962	-0.049898	-0.024949	0.000014	0.000008	1	-4.006139
43.250000	-0.998422	-0.099819	-0.074859	0.000017	0.000035	1	-4.009881
43.300000	-0.998311	-0.149735	-0.124777	0.000019	0.000106	1	-4.016120
43.350000	-0.998521	-0.199661	-0.174698	0.000020	0.000263	1	-4.024855
43.400000	-0.991767	-0.249249	-0.224455	0.000019	0.000565	1	-4.036078
43.450000	-0.979409	-0.298220	-0.273734	0.000034	0.000821	1	-4.049765
43.500000	-0.965370	-0.346488	-0.322354	0.000095	0.000881	1	-4.065882
43.550000	-0.941062	-0.393541	-0.370015	0.000295	0.000842	1	-4.084383
43.600000	-0.915698	-0.439326	-0.416434	0.000707	0.000919	1	-4.105205
43.650000	-0.881876	-0.483420	-0.461373	0.001495	0.001259	1	-4.128273
43.700000	-0.839513	-0.525396	-0.504408	0.002875	0.001827	1	-4.153494
43.750000	-0.791065	0.000000	-0.504408	0.005046	0.002549	0	-4.153494
43.800000	-0.738207	0.000000	-0.504408	0.008160	0.003344	0	-4.153494
43.850000	-0.679166	0.000000	-0.504408	0.012410	0.004184	0	-4.153494
43.900000	-0.625089	0.000000	-0.504408	0.017450	0.004904	0	-4.153494
43.950000	-0.565898	0.000000	-0.504408	0.023200	0.005384	0	-4.153494
44.000000	-0.495698	0.000000	-0.504408	0.029796	0.005579	0	-4.153494
44.050000	-0.447624	0.000000	-0.504408	0.035799	0.005203	0	-4.153494
44.100000	-0.391251	0.000000	-0.504408	0.041293	0.004268	0	-4.153494
44.150000	-0.340996	0.000000	-0.504408	0.045545	0.003027	0	-4.153494
44.200000	-0.292315	0.000000	-0.504408	0.048492	0.001943	0	-4.153494
44.250000	-0.248110	0.000000	-0.504408	0.049644	0.001211	0	-4.153494
44.300000	-0.208944	0.000000	-0.504408	0.048964	0.000907	0	-4.153494
44.350000	-0.163942	0.000000	-0.504408	0.047206	0.000907	0	-4.153494
44.400000	-0.126420	0.000000	-0.504408	0.044438	0.001307	0	-4.153494
44.450000	-0.099923	0.000000	-0.504408	0.040580	0.001973	0	-4.153494
44.500000	-0.078755	0.000000	-0.504408	0.036091	0.002610	0	-4.153494
44.550000	-0.047435	0.000000	-0.504408	0.031457	0.003006	0	-4.153494
44.600000	-0.027832	0.000000	-0.504408	0.026787	0.003221	0	-4.153494
44.650000	-0.018010	0.000000	-0.504408	0.022670	0.003191	0	-4.153494
44.700000	0.005127	0.000000	-0.504408	0.018780	0.002790	0	-4.153494
44.750000	0.016281	0.000000	-0.504408	0.015309	0.002089	0	-4.153494
44.800000	0.029758	0.000000	-0.504408	0.012277	0.001389	0	-4.153494
44.850000	0.036716	0.000000	-0.504408	0.009639	0.000853	0	-4.153494
44.900000	0.045282	0.000000	-0.504408	0.007412	0.000527	0	-4.153494
44.950000	0.050686	0.000000	-0.504408	0.005494	0.000349	0	-4.153494
45.000000	0.044795	0.002240	0.001120	0.003996	0.000269	1	-4.153438
45.050000	0.040570	0.004268	0.003254	0.002861	0.000266	1	-4.153275
45.100000	0.040997	0.006318	0.005293	0.001952	0.000271	1	-4.153010
45.150000	0.039005	0.008268	0.007293	0.001188	0.000271	1	-4.152646
45.200000	0.033655	0.009951	0.009110	0.000723	0.000258	1	-4.152190
45.250000	0.032257	0.011564	0.010758	0.000424	0.000225	1	-4.151652
45.300000	0.032331	0.013180	0.012372	0.000187	0.000173	1	-4.151034
45.350000	0.032407	0.014801	0.013991	0.000091	0.000106	1	-4.150334
45.400000	0.031333	0.016368	0.015584	0.000050	0.000066	1	-4.149555
45.450000	0.030934	0.017914	0.017141	0.000045	0.000059	1	-4.148698
45.500000	0.028959	0.019362	0.018638	0.000050	0.000060	1	-4.147766
45.550000	0.027848	0.020755	0.020058	0.000051	0.000060	1	-4.146763
45.600000	0.027547	0.022132	0.021443	0.000035	0.000055	1	-4.145691
45.650000	0.029276	0.023596	0.022864	0.000024	0.000021	1	-4.144548
45.700000	0.029441	0.025068	0.024332	0.000018	0.000005	1	-4.143331
45.750000	0.028314	0.026484	0.025776	0.000011	0.000004	1	-4.142042
45.800000	0.027341	0.000000	0.025776	0.000005	0.000002	0	-4.142042
45.850000	0.023513	0.000000	0.025776	0.000007	0.000002	0	-4.142042
45.900000	0.022199	0.000000	0.025776	0.000010	0.000003	0	-4.142042
45.950000	0.019501	0.000975	0.000488	0.000015	0.000003	1	-4.142018
46.000000	0.019957	0.001973	0.001474	0.000017	0.000003	1	-4.141944
46.050000	0.018523	0.002899	0.002436	0.000020	0.000003	1	-4.141823
46.100000	0.017651	0.003782	0.003340	0.000022	0.000003	1	-4.141656
46.150000	0.016949	0.004629	0.004205	0.000025	0.000003	1	-4.141445
46.200000	0.015900	0.005424	0.005027	0.000028	0.000004	1	-4.141194
46.250000	0.014753	0.006162	0.005793	0.000030	0.000006	1	-4.140904
46.300000	0.012707	0.006797	0.006479	0.000031	0.000007	1	-4.140580
46.350000	0.014078	0.007501	0.007149	0.000026	0.000008	1	-4.140223
46.400000	0.014668	0.008234	0.007868	0.000020	0.000010	1	-4.139830
46.450000	0.016329	0.009051	0.008643	0.000012	0.000015	1	-4.139397
46.500000	0.015672	0.000000	0.008643	0.000008	0.000023	0	-4.139397
46.550000	0.016873	0.000000	0.008643	0.000005	0.000026	0	-4.139397
46.600000	0.015188	0.000000	0.008643	0.000004	0.000027	0	-4.139397
46.650000	0.014607	0.000000	0.008643	0.000003	0.000024	0	-4.139397
46.700000	0.013553	0.000000	0.008643	0.000002	0.000021	0	-4.139397
46.750000	0.014363	0.000000	0.008643	0.000002	0.000016	0	-4.139397
46.800000	0.014394	0.000000	0.008643	0.000001	0.000012	0	-4.139397
46.850000	0.016350	0.000000	0.008643	0.000002	0.000010	0	-4.139397
46.900000	0.016605	0.000000	0.008643	0.000002	0.000009	0	-4.139397
46.950000	0.016104	0.000000	0.008643	0.000001	0.000007	0	-4.139397
47.000000	0.011280	0.000000	0.008643	0.000002	0.000004	0	-4.139397
47.050000	0.010045	0.000000	0.008643	0.000005	0.000005	0	-4.139397
47.100000	0.008371	0.000000	0.008643	0.000007	0.000008	0	-4.139397
47.150000	0.011803	0.000000	0.008643	0.000008	0.000013	0	-4.139397
47.200000	0.010885	0.000000	0.008643	0.000008	0.000014	0	-4.139397
47.250000	0.012239	0.000000	0.008643	0.000007	0.000015	0	-4.139397
47.300000	0.010033	0.000000	0.008643	0.000008	0.000015	0	-4.139397
47.350000	0.011341	0.000000	0.008643	0.000008	0.000016	0	-4.139397
47.400000	0.011030	0.000000	0.008643	0.000008	0.000015	0	-4.139397
47.450000	0.010072	0.000000	0.008643	0.000008	0.000013	0	-4.139397
47.500000	0.009175	0.000000	0.008643	0.000006	0.000012	0	-4.139397
47.550000	0.008257	0.000000	0.008643	0.000005	0.000011	0	-4.139397
47.600000	0.008791	0.000000	0.008643	0.000002	0.000010	0	-4.139397
47.650000	0.012495	0.000000	0.008643	0.000002	0.000006	0	-4.139397
47.700000	0.013470	0.000000	0.008643	0.000003	0.000004	0	-4.139397
47.750000	0.012320	0.000000	0.008643	0.000003	0.000004	0	-4.139397
47.800000	0.010727	0.000000	0.008643	0.000003	0.000005	0	-4.139397
47.850000	0.010126	0.000000	0.008643	0.000003	0.000006	0	-4.139397
47.900000	0.011948	0.000000	0.008643	0.000003	0.000006	0	-4.139397
47.950000	0.013476	0.000000	0.008643	0.000003	0.000007	0	-4.139397
48.000000	0.014010	0.000000	0.008643	0.000004	0.000008	0	-4.139397
48.050000	0.015222	0.000000	0.008643	0.000005	0.000012	0	-4.139397
48.100000	0.016815	0.000000	0.008643	0.000007	0.000016	0	-4.139397
48.150000	0.019022	0.000000	0.008643	0.000010	0.000017	0	-4.139397
48.200000	0.020248	0.001012	0.000506	0.000012	0.000016	1	-4.139372
48.250000	0.015539	0.001789	0.001401	0.000010	0.000016	1	-4.139302
48.300000	0.004341	0.002006	0.001898	0.000018	0.000017	1	-4.139207
48.350000	-0.008728	0.001570	0.001788	0.000057	0.000019	1	-4.139118
48.400000	-0.019806	0.000580	0.001075	0.000137	0.000022	1	-4.139064
48.450000	-0.034183	-0.001129	-0.000275	0.000290	0.000022	1	-4.139078
48.500000	-0.051657	-0.003712	-0.002421	0.000553	0.000026	1	-4.139199
48.550000	-0.072337	-0.007329	-0.005521	0.000972	0.000032	1	-4.139475
48.600000	-0.096932	-0.012176	-0.009752	0.001600	0.000037	1	-4.139962
48.650000	-0.128116	-0.018582	-0.015379	0.002549	0.000037	1	-4.140731
48.700000	-0.161454	-0.026654	-0.022618	0.003855	0.000036	1	-4.141862
48.750000	-0.200985	0.000000	-0.022618	0.005614	0.000035	0	-4.141862
48.800000	-0.248522	0.000000	-0.022618	0.007966	0.000059	0	-4.141862
48.850000	-0.297904	0.000000	-0.022618	0.010866	0.000125	0	-4.141862
48.900000	-0.349018	0.000000	-0.022618	0.014308	0.000198	0	-4.141862
48.950000	-0.398765	0.000000	-0.022618	0.018196	0.000230	0	-4.141862
49.000000	-0.452504	0.000000	-0.022618	0.022547	0.000227	0	-4.141862
49.050000	-0.509714	0.000000	-0.022618	0.027210	0.000207	0	-4.141862
49.100000	-0.567965	0.000000	-0.022618	0.032012	0.000199	0	-4.141862
49.150000	-0.623635	0.000000	-0.022618	0.036574	0.000227	0	-4.141862
49.200000	-0.681770	0.000000	-0.022618	0.040776	0.000315	0	-4.141862
49.250000	-0.736428	0.000000	-0.022618	0.044240	0.000392	0	-4.141862
49.300000	-0.782549	0.000000	-0.022618	0.046503	0.000423	0	-4.141862
49.350000	-0.829127	0.000000	-0.022618	0.047494	0.000390	0	-4.141862
49.400000	-0.867155	0.000000	-0.022618	0.046987	0.000332	0	-4.141862
49.450000	-0.902674	0.000000	-0.022618	0.045357	0.000293	0	-4.141862
49.500000	-0.931220	0.000000	-0.022618	0.042569	0.000304	0	-4.141862
49.550000	-0.950383	0.000000	-0.022618	0.038582	0.000351	0	-4.141862
49.600000	-0.968616	0.000000	-0.022618	0.033641	0.000383	0	-4.141862
49.650000	-0.985842	0.000000	-0.022618	0.028298	0.000309	0	-4.141862
49.700000	-0.993129	0.000000	-0.022618	0.022831	0.000217	0	-4.141862
49.750000	-0.997734	0.000000	-0.022618	0.017646	0.000142	0	-4.141862
49.800000	-0.999901	0.000000	-0.022618	0.012942	0.000156	0	-4.141862
49.850000	-0.999916	0.000000	-0.022618	0.009065	0.000292	0	-4.141862
49.900000	-0.997607	0.000000	-0.022618	0.006049	0.000438	0	-4.141862
49.950000	-0.998534	-0.049927	-0.024963	0.003758	0.000555	1	-4.143110
50.000000	-0.997056	-0.099780	-0.074853	0.002198	0.000651	1	-4.146853
50.050000	-0.997346	-0.149647	-0.124713	0.001174	0.000748	1	-4.153089
50.100000	-0.993598	-0.199327	-0.174487	0.000576	0.000852	1	-4.161813
50.150000	-0.993304	-0.248992	-0.224159	0.000262	0.000969	1	-4.173021
50.200000	-0.996016	-0.298793	-0.273892	0.000093	0.001012	1	-4.186716
50.250000	-0.995566	-0.348571	-0.323682	0.000022	0.000867	1	-4.202900
50.300000	-0.989468	-0.398044	-0.373308	0.000011	0.000674	1	-4.221565
50.350000	-0.990040	-0.447546	-0.422795	0.000012	0.000481	1	-4.242705
50.400000	-0.989747	-0.497034	-0.472290	0.000015	0.000328	1	-4.266319
50.450000	-0.990548	-0.546561	-0.521797	0.000014	0.000233	1	-4.292409
50.500000	-0.991070	-0.596115	-0.571338	0.000013	0.000196	1	-4.320976
50.550000	-0.990919	-0.645661	-0.620888	0.000012	0.000169	1	-4.352021
50.600000	-0.990689	0.000000	-0.620888	0.000009	0.000137	0	-4.352021
50.650000	-0.990839	0.000000	-0.620888	0.000008	0.000107	0	-4.352021
50.700000	-0.990690	0.000000	-0.620888	0.000005	0.000092	0	-4.352021
50.750000	-0.990998	0.000000	-0.620888	0.000005	0.000089	0	-4.352021
50.800000	-0.990996	0.000000	-0.620888	0.000005	0.000085	0	-4.352021
50.850000	-0.990765	0.000000	-0.620888	0.000003	0.000050	0	-4.352021
50.900000	-0.990476	0.000000	-0.620888	0.000000	0.000006	0	-4.352021
50.950000	-0.990319	0.000000	-0.620888	0.000000	0.000002	0	-4.352021
51.000000	-0.990176	0.000000	-0.620888	0.000000	0.000002	0	-4.352021
51.050000	-0.990773	0.000000	-0.620888	0.000000	0.000001	0	-4.352021
51.100000	-0.991137	0.000000	-0.620888	0.000000	0.000001	0	-4.352021
51.150000	-0.990915	0.000000	-0.620888	0.000000	0.000000	0	-4.352021
51.200000	-0.991515	0.000000	-0.620888	0.000000	0.000000	0	-4.352021
51.250000	-0.991294	0.000000	-0.620888	0.000000	0.000000	0	-4.352021
51.300000	-0.991152	0.000000	-0.620888	0.000000	0.000000	0	-4.352021
51.350000	-0.991973	0.000000	-0.620888	0.000000	0.000001	0	-4.352021
51.400000	-0.991510	0.000000	-0.620888	0.000000	0.000001	0	-4.352021
51.450000	-0.991133	0.000000	-0.620888	0.000000	0.000001	0	-4.352021
51.500000	-0.991217	0.000000	-0.620888	0.000000	0.000002	0	-4.352021
51.550000	-0.991292	0.000000	-0.620888	0.000000	0.000002	0	-4.352021
51.600000	-0.991302	0.000000	-0.620888	0.000000	0.000002	0	-4.352021
51.650000	-0.990995	0.000000	-0.620888	0.000000	0.000001	0	-4.352021
51.700000	-0.990919	0.000000	-0.620888	0.000000	0.000001	0	-4.352021
51.750000	-0.990628	0.000000	-0.620888	0.000000	0.000001	0	-4.352021
51.800000	-0.990395	0.000000	-0.620888	0.000000	0.000001	0	-4.352021
51.850000	-0.990025	0.000000	-0.620888	0.000000	0.000000	0	-4.352021
51.900000	-0.990174	0.000000	-0.620888	0.000000	0.000000	0	-4.352021
51.950000	-0.989939	0.000000	-0.620888	0.000000	0.000000	0	-4.352021
52.000000	-0.988745	0.000000	-0.620888	0.000001	0.000000	0	-4.352021
52.050000	-0.988968	0.000000	-0.620888	0.000001	0.000001	0	-4.352021
52.100000	-0.989563	0.000000	-0.620888	0.000001	0.000001	0	-4.352021
52.150000	-0.990083	0.000000	-0.620888	0.000001	0.000001	0	-4.352021
52.200000	-0.990375	0.000000	-0.620888	0.000001	0.000001	0	-4.352021
52.250000	-0.990515	0.000000	-0.620888	0.000001	0.000001	0	-4.352021
52.300000	-0.991193	0.000000	-0.620888	0.000001	0.000001	0	-4.352021
52.350000	-0.990745	0.000000	-0.620888	0.000001	0.000002	0	-4.352021
52.400000	-0.990892	0.000000	-0.620888	0.000001	0.000002	0	-4.352021
52.450000	-0.990818	0.000000	-0.620888	0.000001	0.000002	0	-4.352021
52.500000	-0.991037	0.000000	-0.620888	0.000001	0.000001	0	-4.352021
52.550000	-0.991192	0.000000	-0.620888	0.000001	0.000001	0	-4.352021
52.600000	-0.991641	0.000000	-0.620888	0.000001	0.000001	0	-4.352021
52.650000	-0.992016	0.000000	-0.620888	0.000001	0.000001	0	-4.352021
52.700000	-0.992026	0.000000	-0.620888	0.000001	0.000001	0	-4.352021
52.750000	-0.991956	0.000000	-0.620888	0.000000	0.000001	0	-4.352021
52.800000	-0.991425	0.000000	-0.620888	0.000000	0.000001	0	-4.352021
52.850000	-0.991657	0.000000	-0.620888	0.000000	0.000000	0	-4.352021
52.900000	-0.991210	0.000000	-0.620888	0.000000	0.000000	0	-4.352021
52.950000	-0.990606	0.000000	-0.620888	0.000000	0.000001	0	-4.352021
53.000000	-0.990969	0.000000	-0.620888	0.000000	0.000001	0	-4.352021
53.050000	-0.991530	0.000000	-0.620888	0.000000	0.000015	0	-4.352021
53.100000	-0.990848	0.000000	-0.620888	0.000000	0.000065	0	-4.352021
53.150000	-0.989768	0.000000	-0.620888	0.000000	0.000112	0	-4.352021
53.200000	-0.990078	0.000000	-0.620888	0.000001	0.000145	0	-4.352021
53.250000	-0.990237	0.000000	-0.620888	0.000001	0.000164	0	-4.352021
53.300000	-0.990293	0.000000	-0.620888	0.000001	0.000174	0	-4.352021
53.350000	-0.990071	0.000000	-0.620888	0.000001	0.000174	0	-4.352021
53.400000	-0.989518	0.000000	-0.620888	0.000001	0.000172	0	-4.352021
53.450000	-0.989372	0.000000	-0.620888	0.000001	0.000169	0	-4.352021
53.500000	-0.985545	0.000000	-0.620888	0.000002	0.000175	0	-4.352021
53.550000	-0.981398	0.000000	-0.620888	0.000008	0.000273	0	-4.352021
53.600000	-0.968759	-0.048438	-0.024219	0.000040	0.000596	1	-4.353232
53.650000	-0.954114	-0.096144	-0.072291	0.000126	0.001150	1	-4.356846
53.700000	-0.934330	-0.142860	-0.119502	0.000320	0.001715	1	-4.362821
53.750000	-0.910664	-0.188393	-0.165627	0.000691	0.002120	1	-4.371103
53.800000	-0.882100	-0.232498	-0.210446	0.001333	0.002465	1	-4.381625
53.850000	-0.851585	-0.275078	-0.253788	0.002304	0.002775	1	-4.394314
53.900000	-0.816186	-0.315887	-0.295482	0.003699	0.002790	1	-4.409088
53.950000	-0.772353	0.000000	-0.295482	0.005709	0.002558	0	-4.409088
54.000000	-0.730594	0.000000	-0.295482	0.008245	0.002123	0	-4.409088
54.050000	-0.672690	0.000000	-0.295482	0.011721	0.001605	0	-4.409088
54.100000	-0.608591	0.000000	-0.295482	0.016271	0.001078	0	-4.409088
54.150000	-0.538945	0.000000	-0.295482	0.022011	0.000655	0	-4.409088
54.200000	-0.462678	0.000000	-0.295482	0.028983	0.000663	0	-4.409088
54.250000	-0.390251	0.000000	-0.295482	0.036839	0.001346	0	-4.409088
54.300000	-0.314979	0.000000	-0.295482	0.045330	0.002485	0	-4.409088
54.350000	-0.244195	0.000000	-0.295482	0.053828	0.003697	0	-4.409088
54.400000	-0.180245	0.000000	-0.295482	0.061463	0.004766	0	-4.409088
54.450000	-0.122989	0.000000	-0.295482	0.067479	0.005544	0	-4.409088
54.500000	-0.066290	0.000000	-0.295482	0.071478	0.005843	0	-4.409088
54.550000	-0.015670	0.000000	-0.295482	0.072978	0.005592	0	-4.409088
54.600000	0.026184	0.000000	-0.295482	0.071783	0.004960	0	-4.409088
54.650000	0.070798	0.000000	-0.295482	0.067908	0.004120	0	-4.409088
54.700000	0.098576	0.000000	-0.295482	0.061684	0.003143	0	-4.409088
54.750000	0.120776	0.000000	-0.295482	0.053814	0.002119	0	-4.409088
54.800000	0.133527	0.000000	-0.295482	0.044954	0.001161	0	-4.409088
54.850000	0.139346	0.000000	-0.295482	0.036071	0.000519	0	-4.409088
54.900000	0.140204	0.000000	-0.295482	0.027543	0.000315	0	-4.409088
54.950000	0.136364	0.000000	-0.295482	0.020053	0.000328	0	-4.409088
55.000000	0.132208	0.000000	-0.295482	0.013867	0.000363	0	-4.409088
55.050000	0.129683	0.000000	-0.295482	0.008995	0.000378	0	-4.409088
55.100000	0.128853	0.000000	-0.295482	0.005326	0.000344	0	-4.409088
55.150000	0.128026	0.006401	0.003201	0.002852	0.000217	1	-4.408928
55.200000	0.128620	0.012832	0.009617	0.001338	0.000123	1	-4.408447
55.250000	0.129066	0.019286	0.016059	0.000479	0.000061	1	-4.407645
55.300000	0.128405	0.025706	0.022496	0.000149	0.000037	1	-4.406520
55.350000	0.127878	0.032100	0.028903	0.000040	0.000020	1	-4.405075
55.400000	0.127348	0.038467	0.035283	0.000024	0.000010	1	-4.403310
55.450000	0.127278	0.044831	0.041649	0.000023	0.000005	1	-4.401228
55.500000	0.126821	0.051172	0.048002	0.000018	0.000001	1	-4.398828
55.550000	0.126748	0.000000	0.048002	0.000008	0.000001	0	-4.398828
55.600000	0.126740	0.000000	0.048002	0.000003	0.000001	0	-4.398828
55.650000	0.126961	0.000000	0.048002	0.000001	0.000001	0	-4.398828
55.700000	0.126818	0.000000	0.048002	0.000001	0.000002	0	-4.398828
55.750000	0.126743	0.000000	0.048002	0.000001	0.000002	0	-4.398828
55.800000	0.126522	0.000000	0.048002	0.000001	0.000002	0	-4.398828
55.850000	0.126295	0.000000	0.048002	0.000001	0.000002	0	-4.398828
55.900000	0.125765	0.000000	0.048002	0.000001	0.000002	0	-4.398828
55.950000	0.125018	0.000000	0.048002	0.000001	0.000002	0	-4.398828
56.000000	0.124268	0.000000	0.048002	0.000001	0.000002	0	-4.398828
56.050000	0.123601	0.000000	0.048002	0.000001	0.000002	0	-4.398828
56.100000	0.123005	0.000000	0.048002	0.000002	0.000001	0	-4.398828
56.150000	0.122120	0.000000	0.048002	0.000003	0.000001	0	-4.398828
56.200000	0.121284	0.000000	0.048002	0.000004	0.000001	0	-4.398828
56.250000	0.120841	0.000000	0.048002	0.000005	0.000000	0	-4.398828
56.300000	0.120022	0.000000	0.048002	0.000006	0.000000	0	-4.398828
56.350000	0.119652	0.000000	0.048002	0.000007	0.000000	0	-4.398828
56.400000	0.119290	0.000000	0.048002	0.000007	0.000001	0	-4.398828
56.450000	0.118710	0.000000	0.048002	0.000007	0.000001	0	-4.398828
56.500000	0.117736	0.000000	0.048002	0.000007	0.000001	0	-4.398828
56.550000	0.117754	0.000000	0.048002	0.000007	0.000001	0	-4.398828
56.600000	0.118196	0.000000	0.048002	0.000006	0.000001	0	-4.398828
56.650000	0.118868	0.000000	0.048002	0.000004	0.000001	0	-4.398828
56.700000	0.119250	0.000000	0.048002	0.000003	0.000000	0	-4.398828
56.750000	0.119246	0.000000	0.048002	0.000002	0.000000	0	-4.398828
56.800000	0.119394	0.000000	0.048002	0.000001	0.000000	0	-4.398828
56.850000	0.120158	0.000000	0.048002	0.000001	0.000000	0	-4.398828
56.900000	0.120535	0.000000	0.048002	0.000001	0.000000	0	-4.398828
56.950000	0.120760	0.000000	0.048002	0.000001	0.000000	0	-4.398828
57.000000	0.121726	0.000000	0.048002	0.000001	0.000001	0	-4.398828
57.050000	0.122165	0.000000	0.048002	0.000002	0.000001	0	-4.398828
57.100000	0.123043	0.000000	0.048002	0.000003	0.000001	0	-4.398828
57.150000	0.123719	0.000000	0.048002	0.000004	0.000002	0	-4.398828
57.200000	0.124011	0.000000	0.048002	0.000004	0.000002	0	-4.398828
57.250000	0.124318	0.000000	0.048002	0.000004	0.000002	0	-4.398828
57.300000	0.124772	0.000000	0.048002	0.000004	0.000002	0	-4.398828
57.350000	0.125225	0.000000	0.048002	0.000005	0.000002	0	-4.398828
57.400000	0.125454	0.000000	0.048002	0.000005	0.000002	0	-4.398828
57.450000	0.125599	0.000000	0.048002	0.000004	0.000002	0	-4.398828
57.500000	0.125148	0.000000	0.048002	0.000004	0.000001	0	-4.398828
57.550000	0.124709	0.000000	0.048002	0.000003	0.000001	0	-4.398828
57.600000	0.124192	0.000000	0.048002	0.000002	0.000001	0	-4.398828
57.650000	0.122118	0.000000	0.048002	0.000001	0.000000	0	-4.398828
57.700000	0.120333	0.000000	0.048002	0.000002	0.000000	0	-4.398828
57.750000	0.119067	0.000000	0.048002	0.000004	0.000000	0	-4.398828
57.800000	0.117945	0.000000	0.048002	0.000007	0.000000	0	-4.398828
57.850000	0.116673	0.005834	0.002917	0.000011	0.000000	1	-4.398682
57.900000	0.115697	0.011619	0.008726	0.000014	0.000001	1	-4.398246
57.950000	0.114652	0.017351	0.014485	0.000018	0.000001	1	-4.397522
58.000000	0.113441	0.023023	0.020187	0.000021	0.000001	1	-4.396512
58.050000	0.113213	0.028684	0.025853	0.000023	0.000001	1	-4.395219
58.100000	0.112622	0.034315	0.031499	0.000022	0.000001	1	-4.393645
58.150000	0.111656	0.039898	0.037106	0.000021	0.000001	1	-4.391789
58.200000	0.110883	0.045442	0.042670	0.000019	0.000002	1	-4.389656
58.250000	0.110582	0.050971	0.048206	0.000015	0.000002	1	-4.387245
58.300000	0.108928	0.056417	0.053694	0.000013	0.000003	1	-4.384561
58.350000	0.103619	0.061598	0.059008	0.000018	0.000006	1	-4.381610
58.400000	0.094960	0.066346	0.063972	0.000039	0.000009	1	-4.378412
58.450000	0.083840	0.070538	0.068442	0.000091	0.000010	1	-4.374990
58.500000	0.070737	0.074075	0.072307	0.000195	0.000011	1	-4.371374
58.550000	0.050696	0.076610	0.075343	0.000413	0.000013	1	-4.367607
58.600000	0.023995	0.077810	0.077210	0.000842	0.000019	1	-4.363747
58.650000	-0.006513	0.077484	0.077647	0.001576	0.000024	1	-4.359864
58.700000	-0.041331	0.075417	0.076451	0.002717	0.000025	1	-4.356042
58.750000	-0.082890	0.071273	0.073345	0.004425	0.000023	1	-4.352374
58.800000	-0.137626	0.000000	0.073345	0.007071	0.000019	0	-4.352374
58.850000	-0.189421	0.000000	0.073345	0.010565	0.000016	0	-4.352374
58.900000	-0.242533	0.000000	0.073345	0.014798	0.000016	0	-4.352374
58.950000	-0.296220	0.000000	0.073345	0.019572	0.000022	0	-4.352374
59.000000	-0.351336	0.000000	0.073345	0.024718	0.000039	0	-4.352374
59.050000	-0.406623	0.000000	0.073345	0.029978	0.000063	0	-4.352374
59.100000	-0.462729	0.000000	0.073345	0.035071	0.000082	0	-4.352374
59.150000	-0.521702	0.000000	0.073345	0.039774	0.000112	0	-4.352374
59.200000	-0.577573	0.000000	0.073345	0.043761	0.000167	0	-4.352374
59.250000	-0.630132	0.000000	0.073345	0.046779	0.000264	0	-4.352374
59.300000	-0.664290	0.000000	0.073345	0.047745	0.000379	0	-4.352374
59.350000	-0.714614	0.000000	0.073345	0.047589	0.000534	0	-4.352374
59.400000	-0.758990	0.000000	0.073345	0.046332	0.000746	0	-4.352374
59.450000	-0.788288	0.000000	0.073345	0.044053	0.000943	0	-4.352374
59.500000	-0.821264	0.000000	0.073345	0.041020	0.001123	0	-4.352374
59.550000	-0.851850	0.000000	0.073345	0.037428	0.001257	0	-4.352374
59.600000	-0.875246	0.000000	0.073345	0.033265	0.001282	0	-4.352374
59.650000	-0.909247	0.000000	0.073345	0.029271	0.001153	0	-4.352374
59.700000	-0.929641	0.000000	0.073345	0.025194	0.000977	0	-4.352374
59.750000	-0.947340	0.000000	0.073345	0.021236	0.000741	0	-4.352374
59.800000	-0.959527	0.000000	0.073345	0.017644	0.000499	0	-4.352374
59.850000	-0.968921	0.000000	0.073345	0.014478	0.000311	0	-4.352374
59.900000	-0.974537	0.000000	0.073345	0.011736	0.000232	0	-4.352374
59.950000	-0.994800	0.000000	0.073345	0.009199	0.000239	0	-4.352374
60.000000	-0.994956	0.000000	0.073345	0.007110	0.000358	0	-4.352374
60.050000	-0.994030	0.000000	0.073345	0.005437	0.000593	0	-4.352374
60.100000	-0.994267	-0.049713	-0.024857	0.003909	0.000852	1	-4.353617
60.150000	-0.994112	-0.099419	-0.074566	0.002668	0.001080	1	-4.357346
60.200000	-0.994901	-0.149164	-0.124292	0.001729	0.001222	1	-4.363560
60.250000	-1.000520	-0.199190	-0.174177	0.001005	0.001238	1	-4.372269
60.300000	-0.990365	-0.248708	-0.223949	0.000581	0.001184	1	-4.383467
60.350000	-0.990961	-0.298256	-0.273482	0.000322	0.001065	1	-4.397141
60.400000	-0.990677	-0.347790	-0.323023	0.000176	0.000881	1	-4.413292
60.450000	-0.991205	-0.397350	-0.372570	0.000091	0.000668	1	-4.431920
60.500000	-0.990828	-0.446892	-0.422121	0.000043	0.000455	1	-4.453026
60.550000	-0.990968	-0.496440	-0.471666	0.000012	0.000281	1	-4.476610
60.600000	-0.990889	0.000000	-0.471666	0.000009	0.000141	0	-4.476610
60.650000	-0.990903	0.000000	-0.471666	0.000009	0.000057	0	-4.476610
60.700000	-0.990679	0.000000	-0.471666	0.000009	0.000032	0	-4.476610
60.750000	-0.990900	0.000000	-0.471666	0.000009	0.000026	0	-4.476610
60.800000	-0.991060	0.000000	-0.471666	0.000009	0.000025	0	-4.476610
60.850000	-0.991283	0.000000	-0.471666	0.000008	0.000015	0	-4.476610
60.900000	-0.991128	0.000000	-0.471666	0.000001	0.000002	0	-4.476610
60.950000	-0.990894	0.000000	-0.471666	0.000000	0.000001	0	-4.476610
61.000000	-0.991260	0.000000	-0.471666	0.000000	0.000001	0	-4.476610
61.050000	-0.991268	0.000000	-0.471666	0.000000	0.000001	0	-4.476610
61.100000	-0.990968	0.000000	-0.471666	0.000000	0.000001	0	-4.476610
61.150000	-0.990676	0.000000	-0.471666	0.000000	0.000001	0	-4.476610
61.200000	-0.990680	0.000000	-0.471666	0.000000	0.000001	0	-4.476610
61.250000	-0.990682	0.000000	-0.471666	0.000000	0.000001	0	-4.476610
61.300000	-0.990378	0.000000	-0.471666	0.000000	0.000001	0	-4.476610
61.350000	-0.990164	0.000000	-0.471666	0.000000	0.000001	0	-4.476610
61.400000	-0.990307	0.000000	-0.471666	0.000000	0.000001	0	-4.476610
61.450000	-0.990011	0.000000	-0.471666	0.000000	0.000001	0	-4.476610
61.500000	-0.989717	0.000000	-0.471666	0.000000	0.000000	0	-4.476610
61.550000	-0.989574	0.000000	-0.471666	0.000000	0.000000	0	-4.476610
61.600000	-0.989572	0.000000	-0.471666	0.000000	0.000000	0	-4.476610
61.650000	-0.989122	0.000000	-0.471666	0.000000	0.000001	0	-4.476610
61.700000	-0.989267	0.000000	-0.471666	0.000000	0.000001	0	-4.476610
61.750000	-0.989780	0.000000	-0.471666	0.000000	0.000001	0	-4.476610
61.800000	-0.989630	0.000000	-0.471666	0.000000	0.000001	0	-4.476610
61.850000	-0.989554	0.000000	-0.471666	0.000000	0.000001	0	-4.476610
61.900000	-0.989486	0.000000	-0.471666	0.000000	0.000001	0	-4.476610
61.950000	-0.990085	0.000000	-0.471666	0.000000	0.000001	0	-4.476610
62.000000	-0.990015	0.000000	-0.471666	0.000000	0.000000	0	-4.476610
62.050000	-0.989949	0.000000	-0.471666	0.000000	0.000000	0	-4.476610
62.100000	-0.990547	0.000000	-0.471666	0.000000	0.000000	0	-4.476610
62.150000	-0.990775	0.000000	-0.471666	0.000000	0.000000	0	-4.476610
62.200000	-0.990777	0.000000	-0.471666	0.000000	0.000000	0	-4.476610
62.250000	-0.990858	0.000000	-0.471666	0.000000	0.000001	0	-4.476610
62.300000	-0.990783	0.000000	-0.471666	0.000000	0.000001	0	-4.476610
62.350000	-0.990700	0.000000	-0.471666	0.000000	0.000001	0	-4.476610
62.400000	-0.990169	0.000000	-0.471666	0.000000	0.000000	0	-4.476610
62.450000	-0.991950	0.000000	-0.471666	0.000000	0.000000	0	-4.476610
