T	TPR		FPR
0	1.000000		0.441044
1	1.000000		0.441044
2	1.000000		0.441044
3	1.000000		0.441044
4	1.000000		0.441044
5	1.000000		0.441044
6	1.000000		0.441044
7	1.000000		0.441044
8	1.000000		0.441044
9	1.000000		0.441044
10	1.000000		0.441044
11	1.000000		0.441044
12	1.000000		0.441044
13	1.000000		0.441044
14	1.000000		0.441044
15	1.000000		0.441044
16	1.000000		0.441044
17	1.000000		0.441044
18	1.000000		0.441044
19	1.000000		0.441044
20	1.000000		0.441044
21	1.000000		0.441044
22	1.000000		0.441044
23	1.000000		0.441044
24	1.000000		0.441044
25	1.000000		0.441044
26	1.000000		0.441044
27	1.000000		0.441044
28	1.000000		0.441044
29	1.000000		0.441044
30	1.000000		0.441044
31	1.000000		0.441044
32	1.000000		0.441044
33	1.000000		0.441044
34	1.000000		0.441044
35	1.000000		0.441044
36	1.000000		0.441044
37	1.000000		0.441044
38	1.000000		0.441044
39	1.000000		0.441044
40	1.000000		0.441044
41	1.000000		0.441044
42	1.000000		0.441044
43	1.000000		0.441044
44	1.000000		0.441044
45	1.000000		0.441044
46	1.000000		0.441044
47	1.000000		0.441044
48	1.000000		0.441044
49	1.000000		0.441044
50	1.000000		0.441044
51	1.000000		0.441044
52	1.000000		0.441044
53	1.000000		0.441044
54	1.000000		0.441044
55	1.000000		0.441044
56	1.000000		0.441044
57	1.000000		0.441044
58	1.000000		0.441044
59	1.000000		0.441044
60	1.000000		0.441044
61	1.000000		0.441044
62	1.000000		0.441044
63	1.000000		0.441044
64	1.000000		0.441044
65	1.000000		0.441044
66	1.000000		0.441044
67	1.000000		0.441044
68	1.000000		0.441044
69	1.000000		0.441044
70	1.000000		0.441044
71	1.000000		0.441044
72	1.000000		0.441044
73	1.000000		0.441044
74	1.000000		0.441044
75	1.000000		0.441044
76	1.000000		0.441044
77	1.000000		0.441044
78	1.000000		0.441044
79	1.000000		0.441044
80	1.000000		0.441044
81	1.000000		0.441044
82	1.000000		0.441044
83	1.000000		0.441044
84	1.000000		0.441044
85	1.000000		0.441044
86	1.000000		0.441044
87	1.000000		0.441044
88	1.000000		0.441044
89	1.000000		0.441044
90	1.000000		0.441044
91	1.000000		0.441044
92	1.000000		0.441044
93	1.000000		0.441044
94	1.000000		0.441044
95	1.000000		0.441044
96	1.000000		0.441044
97	1.000000		0.441044
98	1.000000		0.441044
99	1.000000		0.441044
100	1.000000		0.441044
101	1.000000		0.441044
102	1.000000		0.441044
103	1.000000		0.441044
104	1.000000		0.441044
105	1.000000		0.441044
106	1.000000		0.441044
107	1.000000		0.441044
108	1.000000		0.441044
109	1.000000		0.441044
110	1.000000		0.441044
111	1.000000		0.441044
112	1.000000		0.441044
113	1.000000		0.441044
114	1.000000		0.441044
115	1.000000		0.441044
116	1.000000		0.441044
117	1.000000		0.441044
118	1.000000		0.441044
119	1.000000		0.441044
120	1.000000		0.441044
121	1.000000		0.441044
122	1.000000		0.441044
123	1.000000		0.441044
124	1.000000		0.441044
125	1.000000		0.441044
126	1.000000		0.441044
127	1.000000		0.441044
128	1.000000		0.441044
129	1.000000		0.441044
130	1.000000		0.439244
131	1.000000		0.438344
132	1.000000		0.438344
133	1.000000		0.437444
134	1.000000		0.437444
135	1.000000		0.436544
136	1.000000		0.436544
137	1.000000		0.434743
138	1.000000		0.431143
139	1.000000		0.428443
140	1.000000		0.427543
141	1.000000		0.423942
142	1.000000		0.419442
143	1.000000		0.416742
144	1.000000		0.407741
145	1.000000		0.402340
146	1.000000		0.396940
147	1.000000		0.394239
148	1.000000		0.387039
149	1.000000		0.381638
150	1.000000		0.374437
151	1.000000		0.367237
152	1.000000		0.351935
153	1.000000		0.342934
154	1.000000		0.331233
155	1.000000		0.320432
156	1.000000		0.310531
157	1.000000		0.300630
158	1.000000		0.293429
159	1.000000		0.288029
160	1.000000		0.279928
161	1.000000		0.274527
162	1.000000		0.270027
163	1.000000		0.263726
164	1.000000		0.261926
165	1.000000		0.260126
166	1.000000		0.256526
167	1.000000		0.250225
168	1.000000		0.245725
169	1.000000		0.241224
170	1.000000		0.236724
171	1.000000		0.228623
172	1.000000		0.220522
173	1.000000		0.215122
174	1.000000		0.205221
175	1.000000		0.197120
176	1.000000		0.189919
177	1.000000		0.179118
178	1.000000		0.171017
179	1.000000		0.164716
180	1.000000		0.158416
181	1.000000		0.151215
182	1.000000		0.142214
183	1.000000		0.135014
184	1.000000		0.127813
185	1.000000		0.120612
186	1.000000		0.111611
187	1.000000		0.106211
188	1.000000		0.101710
189	1.000000		0.090909
190	1.000000		0.078308
191	1.000000		0.070207
192	1.000000		0.065707
193	1.000000		0.058506
194	1.000000		0.052205
195	1.000000		0.049505
196	1.000000		0.045905
197	1.000000		0.039604
198	1.000000		0.032403
199	1.000000		0.032403
200	1.000000		0.028803
201	1.000000		0.024302
202	0.993378		0.021602
203	0.993378		0.018902
204	0.993378		0.012601
205	0.986755		0.009901
206	0.980132		0.008101
207	0.966887		0.007201
208	0.960265		0.006301
209	0.960265		0.006301
210	0.947020		0.004500
211	0.940397		0.001800
212	0.940397		0.001800
213	0.933775		0.000000
214	0.927152		0.000000
215	0.913907		0.000000
216	0.880795		0.000000
217	0.880795		0.000000
218	0.847682		0.000000
219	0.827815		0.000000
220	0.807947		0.000000
221	0.801324		0.000000
222	0.768212		0.000000
223	0.735099		0.000000
224	0.721854		0.000000
225	0.675497		0.000000
226	0.655629		0.000000
227	0.642384		0.000000
228	0.596026		0.000000
229	0.556291		0.000000
230	0.503311		0.000000
231	0.483444		0.000000
232	0.443709		0.000000
233	0.410596		0.000000
234	0.377483		0.000000
235	0.331126		0.000000
236	0.291391		0.000000
237	0.271523		0.000000
238	0.258278		0.000000
239	0.245033		0.000000
240	0.218543		0.000000
241	0.192053		0.000000
242	0.178808		0.000000
243	0.152318		0.000000
244	0.145695		0.000000
245	0.125828		0.000000
246	0.105960		0.000000
247	0.079470		0.000000
248	0.059603		0.000000
249	0.046358		0.000000
250	0.039735		0.000000
251	0.026490		0.000000
252	0.006623		0.000000
253	0.006623		0.000000
254	0.006623		0.000000
255	0.006623		0.000000
